/home/wbeirigo/Clima/weather/proj
Erro!!!!!  
2.88333333333 40.1333333333
20.4333333333 52.8666666667
19.4833333333 41.0666666667
12.2833333333 38.55
29.6833333333 55.5166666667
20.6333333333 40.7333333333
3.21666666667 52.2166666667
22.95 43.2666666667
5.2 42.25
9.1 45.9333333333
7.35 57.5166666667
23.0166666667 44.3166666667
5.61666666667 37.8166666667
20.4666666667 55.8
10.95 37.05
4.56666666667 37.7666666667
21.2 50.4333333333
19.8166666667 40.25
16.8333333333 42.05
15.9 52.2333333333
7.2 48.2
28.8833333333 49.5166666667
22.5166666667 43.1833333333
19.6 46.9333333333
8.41666666667 37.0833333333
15.9 46.05
23.0833333333 48.9
22.35 43.4166666667
4.21666666667 44.7666666667
31.3333333333 54.1
7.53333333333 46.0333333333
20.0333333333 46.0
22.7 44.3166666667
22.8666666667 43.45
21.25 43.7666666667
7.31666666667 39.3
0.966666666667 62.9166666667
11.0833333333 43.1666666667
5.5 45.2333333333
12.15 45.0
22.45 44.8333333333
20.55 48.5666666667
1.43333333333 48.4333333333
19.9333333333 43.9333333333
2.63333333333 54.95
4.38333333333 70.0333333333
29.15 51.5166666667
18.5333333333 40.2666666667
2.81666666667 60.65
28.6666666667 50.4333333333
13.2666666667 43.4166666667
9.1 44.1166666667
11.0166666667 68.7333333333
15.7833333333 47.9333333333
1.68333333333 50.4833333333
22.9833333333 42.0333333333
8.51666666667 39.3333333333
30.5166666667 53.4833333333
16.05 57.6833333333
30.0333333333 52.8833333333
20.85 41.1
14.0666666667 42.4833333333
21.9166666667 46.3833333333
4.28333333333 41.8
27.0 48.6333333333
21.85 45.3
2.25 49.5
7.21666666667 35.8833333333
22.9 47.0833333333
20.45 54.6166666667
24.05 52.3666666667
21.75 41.3333333333
22.75 45.6
27.3833333333 51.2
7.0 40.3833333333
20.5166666667 41.9
18.7166666667 49.55
1.83333333333 61.1333333333
9.28333333333 43.3333333333
19.8 42.15
4.95 66.9
17.7333333333 39.25
21.9333333333 42.6
7.33333333333 47.4666666667
8.28333333333 35.9666666667
24.7833333333 50.0
21.3833333333 42.6833333333
18.1833333333 47.95
21.1166666667 48.9333333333
21.9666666667 44.9333333333
4.86666666667 43.35
29.1666666667 51.2
5.65 35.65
3.73333333333 43.35
27.1166666667 52.6166666667
11.0833333333 38.5166666667
4.08333333333 63.1333333333
3.83333333333 62.0833333333
20.7166666667 48.55
6.03333333333 44.2333333333
8.26666666667 49.2666666667
19.0166666667 43.4333333333
23.5833333333 46.8833333333
22.0166666667 42.35
21.5666666667 43.25
13.3333333333 44.6166666667
19.0166666667 57.65
10.15 36.1666666667
18.5 54.7666666667
5.16666666667 40.6666666667
28.6333333333 53.6
12.6666666667 39.0833333333
7.63333333333 72.6666666667
6.43333333333 36.5833333333
15.55 56.1166666667
0.616666666667 51.7833333333
25.4333333333 49.2666666667
18.75 44.45
18.25 43.6
14.4 56.45
22.2333333333 54.9833333333
22.8 43.6833333333
18.35 40.8333333333
6.66666666667 69.8666666667
30.5333333333 52.5166666667
22.8833333333 43.3
14.9166666667 42.85
23.4166666667 47.5833333333
21.3166666667 46.3666666667
12.1833333333 38.9666666667
6.11666666667 36.8166666667
8.6 38.5666666667
19.8833333333 44.4166666667
6.76666666667 43.0166666667
27.5833333333 48.5666666667
2.53333333333 66.1666666667
15.5333333333 47.3333333333
14.9333333333 46.25
3.75 38.55
25.55 54.5666666667
20.5833333333 47.3666666667
20.0333333333 48.9333333333
8.88333333333 36.5166666667
12.2 56.5
15.2166666667 49.0
16.6666666667 49.25
15.9166666667 50.1333333333
18.85 41.9333333333
5.81666666667 46.4666666667
22.2666666667 43.0166666667
24.0833333333 54.25
28.9166666667 51.9
4.28333333333 39.0
25.4 51.4666666667
23.4333333333 46.4666666667
7.51666666667 63.0333333333
0.616666666667 69.2
20.0166666667 44.05
22.8333333333 42.1833333333
24.7166666667 47.55
6.36666666667 39.3
23.0 44.0333333333
14.8 39.0666666667
5.53333333333 47.4833333333
26.9 49.2166666667
17.7166666667 48.1666666667
27.1833333333 53.2333333333
25.4666666667 50.6333333333
11.3 41.8666666667
26.25 50.8
11.1166666667 37.8166666667
12.5166666667 40.2833333333
19.6166666667 43.2166666667
3.13333333333 58.4333333333
4.28333333333 56.0
17.85 42.85
18.0166666667 41.0166666667
12.8833333333 38.6833333333
21.2 41.9
23.95 48.8833333333
29.1166666667 56.5333333333
19.8666666667 40.8666666667
13.35 40.1166666667
25.0 50.85
22.3 53.8166666667
21.25 48.3
22.9833333333 43.3666666667
23.15 49.9666666667
11.1833333333 40.4666666667
4.78333333333 37.7666666667
15.45 44.3666666667
22.9666666667 43.2166666667
17.8833333333 51.7166666667
19.8333333333 43.1166666667
7.1 34.8666666667
17.7 46.1666666667
7.2 39.3166666667
21.7666666667 43.35
7.25 64.8333333333
27.8166666667 50.3333333333
28.2166666667 51.5
28.4833333333 48.8
21.95 45.3166666667
21.75 45.0
21.2333333333 45.0
12.5666666667 41.3833333333
19.4166666667 40.0666666667
21.8 49.75
23.3166666667 51.1333333333
3.41666666667 42.2833333333
0.05 51.1166666667
5.11666666667 36.7666666667
9.66666666667 35.7
21.65 45.9
3.11666666667 59.95
5.81666666667 61.3
5.36666666667 49.1333333333
27.45 51.9
22.3 45.3833333333
23.4 51.9166666667
12.5333333333 38.3
9.11666666667 37.7333333333
15.5333333333 53.0833333333
17.2333333333 42.5833333333
17.5666666667 52.55
15.0833333333 44.0166666667
23.5166666667 46.2166666667
2.0 54.0833333333
15.0833333333 42.75
7.88333333333 37.0666666667
10.4333333333 39.3
16.6833333333 43.8333333333
5.11666666667 38.3666666667
11.2166666667 41.2166666667
7.85 41.9
5.2 37.3
20.45 41.4
21.1333333333 42.3333333333
5.91666666667 35.2
22.25 42.5166666667
22.7 47.3
1.91666666667 55.5166666667
8.01666666667 34.85
20.6833333333 44.8166666667
28.3333333333 49.3333333333
Erro!!!!!  
7.9 40.05
22.2833333333 46.3666666667
26.4833333333 51.9833333333
10.1833333333 48.3
27.8833333333 53.4333333333
9.45 36.7
9.75 37.4333333333
17.2333333333 46.8833333333
23.4166666667 45.65
12.55 47.8333333333
25.5333333333 48.5166666667
19.75 51.1833333333
12.6833333333 43.2
0.166666666667 69.9333333333
2.63333333333 56.7333333333
3.08333333333 41.7666666667
22.3833333333 44.9666666667
28.2166666667 52.4
18.5166666667 46.4333333333
18.95 47.0
8.13333333333 41.1333333333
9.36666666667 38.2166666667
16.0 41.2833333333
8.96666666667 48.1833333333
12.0166666667 48.35
31.7833333333 52.4166666667
22.8166666667 43.2166666667
8.4 36.7666666667
9.06666666667 38.3166666667
9.36666666667 40.4666666667
7.03333333333 41.4833333333
22.5166666667 44.0
22.6333333333 43.9
17.35 44.9166666667
31.4333333333 53.1
15.85 48.9666666667
19.2166666667 45.0
25.1 50.1666666667
22.5333333333 55.5333333333
30.05 51.1666666667
1.73333333333 52.2333333333
9.18333333333 35.4333333333
10.7166666667 48.4166666667
0.7 51.45
26.2333333333 51.0666666667
8.76666666667 63.9166666667
14.1 46.3666666667
15.8333333333 54.3833333333
22.1166666667 51.3833333333
10.2 36.8666666667
5.16666666667 39.2833333333
8.05 34.95
9.63333333333 42.1
22.45 44.4333333333
9.96666666667 67.8
22.8833333333 43.1833333333
32.0333333333 52.1
1.03333333333 67.5333333333
26.1 49.8
11.4833333333 37.9333333333
17.8 50.9166666667
14.8166666667 56.4333333333
16.1666666667 42.3
13.0 38.5
15.6333333333 53.8333333333
22.9166666667 43.6833333333
0.416666666667 65.0333333333
29.7 53.7
21.95 42.0
30.8333333333 55.6
2.41666666667 54.3333333333
21.6666666667 47.5
11.0166666667 44.5166666667
22.9166666667 43.1833333333
33.5166666667 53.35
28.3 54.25
21.5333333333 42.15
23.9333333333 46.3333333333
22.7333333333 43.3
21.9666666667 47.8666666667
6.63333333333 51.9666666667
21.6166666667 41.7666666667
15.95 44.8666666667
12.6166666667 38.6666666667
26.25 48.65
30.3333333333 54.3166666667
6.75 38.2166666667
21.3 44.2666666667
8.35 42.25
28.3 49.9333333333
23.2166666667 45.85
22.1 45.0166666667
2.53333333333 44.2166666667
28.4 55.0166666667
18.7 39.85
25.8666666667 50.3833333333
23.45 46.65
23.5 46.6166666667
20.9166666667 47.1166666667
21.4833333333 47.55
11.6333333333 38.9666666667
21.1333333333 47.9833333333
19.4666666667 44.25
0.116666666667 67.0
3.73333333333 40.3333333333
23.4833333333 47.4333333333
0.733333333333 48.5166666667
7.83333333333 35.7166666667
12.4 46.4166666667
21.7833333333 48.1666666667
30.8333333333 51.5833333333
0.0666666666667 68.2333333333
8.16666666667 70.7666666667
6.0 40.4166666667
23.0333333333 45.55
3.83333333333 64.7
17.85 41.5
5.08333333333 42.8166666667
22.4166666667 42.9666666667
22.45 42.9333333333
22.5833333333 43.35
24.4 53.7333333333
29.35 49.7166666667
1.08333333333 46.9
1.06666666667 46.9
22.9666666667 45.55
20.7833333333 51.7
7.81666666667 38.1166666667
3.76666666667 49.6666666667
1.56666666667 45.3666666667
23.45 45.0666666667
19.7333333333 47.95
7.7 35.6666666667
16.3666666667 46.55
29.75 57.0833333333
28.5166666667 49.3166666667
19.4833333333 42.5333333333
20.0 47.7666666667
13.0333333333 58.2833333333
28.55 50.7
8.41666666667 43.7166666667
22.4 43.6666666667
20.3833333333 41.1833333333
20.75 42.85
20.3166666667 40.3166666667
20.4166666667 49.9833333333
26.85 52.4
22.5833333333 43.5
3.26666666667 45.65
