latitude,longitude,brightness,scan,track,acq_date,acq_time,satellite,confidence,version,bright_t31,frp
-7.502,-34.887,316.7,1.4,1.2,2015-10-19, 00:40,T,92,5.0       ,294.1,30.2
-6.454,-35.116,334.5,1.4,1.2,2015-10-19, 00:40,T,100,5.0       ,294,70.2
-6.456,-35.129,321.1,1.4,1.2,2015-10-19, 00:40,T,100,5.0       ,293.6,40.1
-11.59,-50.371,336.5,1.6,1.3,2015-10-19, 02:15,T,100,5.0       ,300.1,84.2
-11.576,-50.358,322.1,1.6,1.3,2015-10-19, 02:15,T,100,5.0       ,298.7,42.8
-11.578,-50.373,330.1,1.6,1.3,2015-10-19, 02:15,T,100,5.0       ,299.2,64.8
-24.758,-62.849,306.1,4.1,1.9,2015-10-19, 02:10,T,42,5.0       ,269.2,119.6
-22.876,-51.425,305.8,1,1,2015-10-19, 02:10,T,37,5.0       ,290.4,11.6
-22.878,-51.435,339.2,1,1,2015-10-19, 02:10,T,100,5.0       ,291.9,56.3
-22.24,-48.585,309.3,1.4,1.2,2015-10-19, 02:10,T,66,5.0       ,286.8,24.5
-22.242,-48.599,316.5,1.4,1.2,2015-10-19, 02:10,T,91,5.0       ,286.4,36.5
-22.229,-48.587,309.6,1.4,1.2,2015-10-19, 02:10,T,67,5.0       ,287.2,24.5
-22.231,-48.601,320.9,1.4,1.2,2015-10-19, 02:10,T,100,5.0       ,287.5,44.7
-21.56,-46.739,321.8,1.9,1.4,2015-10-19, 02:10,T,100,5.0       ,292.4,68.5
-21.723,-48.808,335.6,1.4,1.2,2015-10-19, 02:10,T,100,5.0       ,290.8,76.9
-21.697,-50.093,305.5,1.2,1.1,2015-10-19, 02:10,T,28,5.0       ,290.9,14.5
-21.403,-49.23,328.8,1.3,1.1,2015-10-19, 02:10,T,100,5.0       ,291.6,54.6
-21.393,-49.232,305.9,1.3,1.1,2015-10-19, 02:10,T,39,5.0       ,291.3,15.5
-21.448,-50.523,325,1.1,1.1,2015-10-19, 02:10,T,100,5.0       ,293,37.1
-21.45,-50.534,327,1.1,1.1,2015-10-19, 02:10,T,100,5.0       ,293.4,40.1
-20.87,-47.871,353.4,1.7,1.3,2015-10-19, 02:10,T,100,5.0       ,294.7,169.9
-20.873,-47.886,328.4,1.6,1.3,2015-10-19, 02:10,T,100,5.0       ,293.5,71.7
-21.01,-48.668,316.1,1.5,1.2,2015-10-19, 02:10,T,90,5.0       ,286.7,37.4
-20.873,-47.876,346.4,1.7,1.3,2015-10-19, 02:10,T,100,5.0       ,295,139
-21.007,-48.674,307.9,1.5,1.2,2015-10-19, 02:10,T,57,5.0       ,286.1,22.8
-20.861,-47.878,313.6,1.7,1.3,2015-10-19, 02:10,T,82,5.0       ,293.1,35.5
-3.463,-59.522,318.1,1.2,1.1,2015-10-19, 02:20,T,95,5.0       ,297.4,24.7
-3.561,-60.589,314.8,1.4,1.2,2015-10-19, 02:20,T,86,5.0       ,296.4,22.5
-2.998,-57.226,310.5,1,1,2015-10-19, 02:20,T,71,5.0       ,296.1,9.8
-3.327,-59.78,311.3,1.2,1.1,2015-10-19, 02:20,T,74,5.0       ,296.7,15.6
-3.325,-59.775,314,1.2,1.1,2015-10-19, 02:20,T,84,5.0       ,296.8,18.6
-2.996,-57.923,306,1,1,2015-10-19, 02:20,T,34,5.0       ,295.9,6.1
-2.97,-57.871,311.5,1,1,2015-10-19, 02:20,T,75,5.0       ,295.5,12.1
-3.098,-59.104,314.2,1.1,1.1,2015-10-19, 02:20,T,85,5.0       ,296.8,16.5
-2.815,-57.165,328.1,1,1,2015-10-19, 02:20,T,100,5.0       ,296.6,30.4
-2.816,-57.174,337.6,1,1,2015-10-19, 02:20,T,100,5.0       ,296.9,45.3
-3.087,-59.096,307.6,1.1,1.1,2015-10-19, 02:20,T,55,5.0       ,296.4,9.1
-3.043,-59.222,308.3,1.1,1.1,2015-10-19, 02:20,T,57,5.0       ,297.4,9.1
-3.029,-59.192,309.4,1.1,1.1,2015-10-19, 02:20,T,54,5.0       ,297,10.4
-3.03,-59.203,318.2,1.1,1.1,2015-10-19, 02:20,T,95,5.0       ,298.5,20.8
-3.019,-59.194,307.8,1.1,1.1,2015-10-19, 02:20,T,29,5.0       ,296.4,8.6
-3.021,-59.204,322.4,1.1,1.1,2015-10-19, 02:20,T,100,5.0       ,297.6,27.1
-2.445,-56.248,339.7,1,1,2015-10-19, 02:20,T,100,5.0       ,296.6,50.7
-2.446,-56.257,344.8,1,1,2015-10-19, 02:20,T,100,5.0       ,297.1,60.8
-1.654,-54.139,307.1,1.3,1.1,2015-10-19, 02:20,T,51,5.0       ,294.1,10.9
-1.776,-55.321,306.3,1.1,1,2015-10-19, 02:20,T,43,5.0       ,295,7
-1.778,-55.331,311.2,1.1,1,2015-10-19, 02:20,T,74,5.0       ,295,12.3
-1.771,-55.328,308.5,1.1,1,2015-10-19, 02:20,T,61,5.0       ,294.9,9.9
-1.687,-55.515,318.9,1.1,1,2015-10-19, 02:20,T,97,5.0       ,294.2,23.2
-1.197,-53.664,311,1.4,1.2,2015-10-19, 02:20,T,73,5.0       ,292.9,19.6
-2.001,-59.516,309.3,1.2,1.1,2015-10-19, 02:20,T,65,5.0       ,295.2,13.2
-2.028,-59.987,307.4,1.2,1.1,2015-10-19, 02:20,T,54,5.0       ,295.7,10.1
-1.109,-53.696,305.2,1.4,1.2,2015-10-19, 02:20,T,24,5.0       ,292.8,11.6
0.585,-59.646,314,1.1,1,2015-10-19, 02:20,T,84,5.0       ,292.8,18.1
3.391,-51.258,306.9,2.5,1.5,2015-10-19, 02:20,T,50,5.0       ,291.7,39
4.965,-58.044,308.6,1,1,2015-10-19, 02:20,T,62,5.0       ,294.1,10
9.385,-64.545,307.6,1.7,1.3,2015-10-19, 02:20,T,55,5.0       ,290.7,21.5
9.383,-64.55,307.5,1.7,1.3,2015-10-19, 02:20,T,50,5.0       ,290.6,19.5
9.615,-63.72,305.7,1.5,1.2,2015-10-19, 02:20,T,19,5.0       ,278.4,17.8
9.619,-63.727,350.6,1.5,1.2,2015-10-19, 02:20,T,100,5.0       ,280.2,134.6
9.656,-63.626,331.6,1.4,1.2,2015-10-19, 02:20,T,100,5.0       ,270,72.2
9.654,-63.639,308.2,1.4,1.2,2015-10-19, 02:20,T,59,5.0       ,275.2,23.9
-21.378,-54.547,317.3,1.1,1,2015-10-19, 02:15,T,93,5.0       ,294.7,21.8
-21.379,-54.557,340.3,1.1,1,2015-10-19, 02:15,T,100,5.0       ,295.9,58.5
-21.37,-54.559,316.4,1.1,1,2015-10-19, 02:15,T,91,5.0       ,296.9,20.8
-19.417,-43.495,308,3.7,1.8,2015-10-19, 02:15,T,58,5.0       ,286.4,84.2
-19.41,-43.504,305.7,3.7,1.8,2015-10-19, 02:15,T,26,5.0       ,286.6,67.1
-21.525,-57.478,309.4,1.5,1.2,2015-10-19, 02:15,T,66,5.0       ,293.7,21.5
-21.524,-57.484,306.7,1.5,1.2,2015-10-19, 02:15,T,47,5.0       ,293.5,15.9
-17.98,-44.053,306.9,3.6,1.8,2015-10-19, 02:15,T,49,5.0       ,292.7,59.2
-17.972,-44.058,306,3.6,1.8,2015-10-19, 02:15,T,39,5.0       ,292.8,51.6
-20.213,-58.943,308.9,1.9,1.3,2015-10-19, 02:15,T,63,5.0       ,294.7,23.4
-20.201,-58.944,306.8,1.9,1.3,2015-10-19, 02:15,T,49,5.0       ,294.3,18.5
-19.349,-52.841,316.5,1,1,2015-10-19, 02:15,T,91,5.0       ,294,19.4
-19.351,-52.85,328.1,1,1,2015-10-19, 02:15,T,100,5.0       ,294.6,33.7
-19.352,-52.86,322.8,1,1,2015-10-19, 02:15,T,100,5.0       ,294.1,26.5
-19.34,-52.842,313.9,1,1,2015-10-19, 02:15,T,84,5.0       ,293.1,16.3
-19.342,-52.852,344.6,1,1,2015-10-19, 02:15,T,100,5.0       ,295.2,61.7
-19.343,-52.862,329.9,1,1,2015-10-19, 02:15,T,100,5.0       ,294,35.9
-19.344,-52.871,326.6,1,1,2015-10-19, 02:15,T,100,5.0       ,293.2,31.3
-19.333,-52.853,327.9,1,1,2015-10-19, 02:15,T,100,5.0       ,293.8,33.1
-19.334,-52.863,342.9,1,1,2015-10-19, 02:15,T,100,5.0       ,294.3,58
-19.335,-52.873,319.4,1,1,2015-10-19, 02:15,T,98,5.0       ,292.4,21.9
-18.203,-47.862,307.9,1.9,1.3,2015-10-19, 02:15,T,57,5.0       ,291.9,25.6
-18.206,-47.879,307.8,1.9,1.3,2015-10-19, 02:15,T,56,5.0       ,290.9,25.9
-18.199,-47.869,315.9,1.9,1.3,2015-10-19, 02:15,T,89,5.0       ,291.5,43.1
-17.168,-43.299,311.2,4.3,1.9,2015-10-19, 02:15,T,74,5.0       ,289.6,122.9
-17.166,-43.306,315.6,4.3,1.9,2015-10-19, 02:15,T,89,5.0       ,289.9,160.9
-17.579,-46.953,306.8,2.2,1.4,2015-10-19, 02:15,T,24,5.0       ,295.1,24.1
-17.702,-48.015,305.6,1.9,1.3,2015-10-19, 02:15,T,34,5.0       ,293.6,19.6
-18.894,-57.151,306.8,1.3,1.1,2015-10-19, 02:15,T,49,5.0       ,295.3,12.4
-18.895,-57.163,328.8,1.3,1.1,2015-10-19, 02:15,T,100,5.0       ,296,51.5
-18.885,-57.165,306,1.3,1.1,2015-10-19, 02:15,T,40,5.0       ,294.8,11.4
-18.053,-52.906,308.2,1,1,2015-10-19, 02:15,T,54,5.0       ,278.6,12.1
-18.039,-52.879,317.1,1,1,2015-10-19, 02:15,T,70,5.0       ,278.5,19.2
-18.041,-52.888,353.3,1,1,2015-10-19, 02:15,T,100,5.0       ,282,80.3
-18.042,-52.898,321.5,1,1,2015-10-19, 02:15,T,46,5.0       ,279.6,22.7
-18.044,-52.908,326.4,1,1,2015-10-19, 02:15,T,79,5.0       ,280.1,29.7
-18.045,-52.917,316.9,1,1,2015-10-19, 02:15,T,39,5.0       ,278.8,19.1
-18.03,-52.88,326.9,1,1,2015-10-19, 02:15,T,100,5.0       ,278.6,31.5
-18.032,-52.89,406.6,1,1,2015-10-19, 02:15,T,100,5.0       ,286.9,303.3
-18.033,-52.899,381.2,1,1,2015-10-19, 02:15,T,100,5.0       ,284,168.6
-18.034,-52.909,362.6,1,1,2015-10-19, 02:15,T,100,5.0       ,280.1,103.6
-18.036,-52.918,336.8,1,1,2015-10-19, 02:15,T,100,5.0       ,278.1,46.1
-18.023,-52.891,307.2,1,1,2015-10-19, 02:15,T,18,5.0       ,277.1,9.6
-18.007,-52.913,349.3,1,1,2015-10-19, 02:15,T,100,5.0       ,277.4,70.8
-18.009,-52.923,383.8,1,1,2015-10-19, 02:15,T,100,5.0       ,282.7,180.9
-12.259,-57.544,312.5,1.2,1.1,2015-10-19, 02:15,T,79,5.0       ,291.2,17.7
-11.103,-49.774,323.1,1.8,1.3,2015-10-19, 02:15,T,100,5.0       ,296.4,54.1
-11.857,-54.717,318,1,1,2015-10-19, 02:15,T,95,5.0       ,295,19
-12.264,-57.732,317.5,1.2,1.1,2015-10-19, 02:15,T,94,5.0       ,295.9,24
-12.266,-57.743,314.9,1.2,1.1,2015-10-19, 02:15,T,87,5.0       ,296,20.3
-11.079,-49.778,309.2,1.8,1.3,2015-10-19, 02:15,T,20,5.0       ,296.4,19.6
-11.082,-49.794,309.4,1.8,1.3,2015-10-19, 02:15,T,17,5.0       ,295.9,20.3
-12.255,-57.733,305.7,1.2,1.1,2015-10-19, 02:15,T,36,5.0       ,295.3,9.3
-11.358,-51.587,310.5,1.3,1.1,2015-10-19, 02:15,T,71,5.0       ,297.5,16.7
-10.131,-44.622,309.3,4.7,2,2015-10-19, 02:15,T,22,5.0       ,297.7,74.4
-10.15,-44.623,307.9,4.7,2,2015-10-19, 02:15,T,32,5.0       ,297.8,70.2
-10.132,-44.626,309.8,4.7,2,2015-10-19, 02:15,T,58,5.0       ,297.8,86.8
-10.095,-44.722,305.3,4.6,2,2015-10-19, 02:15,T,23,5.0       ,294.7,60.8
-10.103,-44.764,306.7,4.6,2,2015-10-19, 02:15,T,48,5.0       ,296.6,76.3
-11.665,-54.468,318.8,1,1,2015-10-19, 02:15,T,97,5.0       ,295.5,19.1
-11.666,-54.477,315.6,1,1,2015-10-19, 02:15,T,89,5.0       ,295.8,15.7
-10.096,-44.729,308.3,4.6,2,2015-10-19, 02:15,T,60,5.0       ,295.3,86.8
-11.653,-54.835,310.4,1,1,2015-10-19, 02:15,T,70,5.0       ,295.6,11
-11.643,-54.827,314.7,1,1,2015-10-19, 02:15,T,86,5.0       ,295.6,15.4
-11.645,-54.836,360.1,1,1,2015-10-19, 02:15,T,100,5.0       ,297.6,96.5
-11.925,-56.856,312.9,1.1,1,2015-10-19, 02:15,T,80,5.0       ,295.9,15.5
-11.635,-54.834,332.2,1,1,2015-10-19, 02:15,T,100,5.0       ,296.2,38.7
-11.636,-54.843,311.4,1,1,2015-10-19, 02:15,T,75,5.0       ,295.3,12.6
-11.919,-56.853,328.5,1.1,1,2015-10-19, 02:15,T,100,5.0       ,297.1,36.6
-11.92,-56.863,317.9,1.1,1,2015-10-19, 02:15,T,95,5.0       ,295.6,21.4
-11.791,-56,322.3,1,1,2015-10-19, 02:15,T,100,5.0       ,297.2,24.6
-11.792,-56.009,315.7,1,1,2015-10-19, 02:15,T,89,5.0       ,296.7,16.5
-11.793,-56.019,306.5,1,1,2015-10-19, 02:15,T,41,5.0       ,295.7,7.5
-11.78,-55.992,350.6,1,1,2015-10-19, 02:15,T,100,5.0       ,297.9,74.3
-11.782,-56.001,408.9,1,1,2015-10-19, 02:15,T,100,5.0       ,306.7,322.1
-11.783,-56.011,382.5,1,1,2015-10-19, 02:15,T,100,5.0       ,302.1,176.9
-11.784,-56.02,334.1,1,1,2015-10-19, 02:15,T,100,5.0       ,296.7,41.7
-11.771,-55.993,336.8,1,1,2015-10-19, 02:15,T,100,5.0       ,296.3,46.5
-11.773,-56.003,373.7,1,1,2015-10-19, 02:15,T,100,5.0       ,298.6,142.2
-11.774,-56.012,317.8,1,1,2015-10-19, 02:15,T,94,5.0       ,295.8,17.8
-9.997,-45.091,307.2,4.4,1.9,2015-10-19, 02:15,T,52,5.0       ,295.2,73.5
-10.005,-45.132,327.4,4.3,1.9,2015-10-19, 02:15,T,100,5.0       ,297.6,264.9
-11.869,-56.91,315.8,1.1,1,2015-10-19, 02:15,T,89,5.0       ,296.1,18.4
-11.871,-56.92,306.4,1.1,1,2015-10-19, 02:15,T,13,5.0       ,294.8,7.4
-11.867,-56.962,307.4,1.1,1,2015-10-19, 02:15,T,28,5.0       ,295.5,8.7
-9.996,-45.099,313.6,4.4,1.9,2015-10-19, 02:15,T,83,5.0       ,295.7,123.5
-10.003,-45.139,323.3,4.3,1.9,2015-10-19, 02:15,T,100,5.0       ,297.5,215.8
-11.527,-55.043,311,1,1,2015-10-19, 02:15,T,73,5.0       ,295.9,12
-11.528,-55.052,307.7,1,1,2015-10-19, 02:15,T,56,5.0       ,295.7,9
-11.263,-53.792,324.3,1.1,1,2015-10-19, 02:15,T,100,5.0       ,293.7,28.1
-11.264,-53.801,351.7,1.1,1,2015-10-19, 02:15,T,100,5.0       ,296.6,80.1
-11.266,-53.811,323.5,1.1,1,2015-10-19, 02:15,T,100,5.0       ,294.7,27.2
-11.254,-53.793,348.6,1.1,1,2015-10-19, 02:15,T,100,5.0       ,292.9,72.1
-11.255,-53.803,368.9,1.1,1,2015-10-19, 02:15,T,100,5.0       ,297,129.6
-11.256,-53.812,328.4,1.1,1,2015-10-19, 02:15,T,100,5.0       ,294.8,32.9
-10.823,-51.046,321.4,1.5,1.2,2015-10-19, 02:15,T,100,5.0       ,296.7,41.7
-11.246,-53.804,311.6,1.1,1,2015-10-19, 02:15,T,75,5.0       ,293.2,11.7
-11.247,-53.814,309.6,1.1,1,2015-10-19, 02:15,T,60,5.0       ,293.2,9.7
-11.39,-55.635,311.6,1,1,2015-10-19, 02:15,T,75,5.0       ,296.7,12.1
-10.431,-49.827,309.1,1.9,1.3,2015-10-19, 02:15,T,64,5.0       ,295.6,26.4
-11.325,-55.957,315.7,1,1,2015-10-19, 02:15,T,89,5.0       ,296.1,16.7
-11.326,-55.966,314.1,1,1,2015-10-19, 02:15,T,84,5.0       ,295.7,15
-11.182,-55.463,308.1,1,1,2015-10-19, 02:15,T,59,5.0       ,295.6,8.7
-11.183,-55.472,307.7,1,1,2015-10-19, 02:15,T,56,5.0       ,295.6,8.2
-10.438,-51.008,307.6,1.5,1.2,2015-10-19, 02:15,T,38,5.0       ,295.9,15.8
-10.405,-53.462,315.6,1.1,1,2015-10-19, 02:15,T,89,5.0       ,293.6,20.2
-10.406,-53.472,305.4,1.1,1,2015-10-19, 02:15,T,30,5.0       ,293.2,8.7
-10.515,-54.281,305.8,1,1,2015-10-19, 02:15,T,37,5.0       ,293.2,8.8
-10.517,-54.29,305.4,1,1,2015-10-19, 02:15,T,30,5.0       ,293.1,8.4
-10.829,-57.68,318.7,1.2,1.1,2015-10-19, 02:15,T,96,5.0       ,296.2,23.6
-10.831,-57.69,311.8,1.2,1.1,2015-10-19, 02:15,T,76,5.0       ,295.6,14.6
-10.82,-57.681,308.4,1.2,1.1,2015-10-19, 02:15,T,60,5.0       ,295.8,11.2
-10.821,-57.691,308.4,1.2,1.1,2015-10-19, 02:15,T,60,5.0       ,295.4,11.3
-9.965,-52.096,306.3,1.3,1.1,2015-10-19, 02:15,T,43,5.0       ,296.1,12.3
-10.117,-53.514,306.3,1.1,1,2015-10-19, 02:15,T,35,5.0       ,289.8,10.4
-10.119,-53.524,319.8,1.1,1,2015-10-19, 02:15,T,99,5.0       ,292.2,26.9
-10.7,-57.617,331.9,1.1,1.1,2015-10-19, 02:15,T,100,5.0       ,295.8,44.7
-10.689,-57.608,365.4,1.1,1.1,2015-10-19, 02:15,T,100,5.0       ,298.1,134.1
-10.69,-57.619,334.8,1.1,1.1,2015-10-19, 02:15,T,100,5.0       ,295.8,49.9
-10.129,-55.433,308.5,1,1,2015-10-19, 02:15,T,61,5.0       ,290.4,10.7
-8.488,-45.433,307.7,4.4,1.9,2015-10-19, 02:15,T,56,5.0       ,292.4,91.1
-9.938,-54.929,305.6,1,1,2015-10-19, 02:15,T,34,5.0       ,292.1,7.8
-8.461,-49.67,307.7,2.1,1.4,2015-10-19, 02:15,T,56,5.0       ,295.3,20.2
-8.46,-49.675,307,2.1,1.4,2015-10-19, 02:15,T,47,5.0       ,295.1,18
-9.326,-57.999,312.6,1.2,1.1,2015-10-19, 02:15,T,79,5.0       ,293.3,16.5
-9.322,-57.994,313.2,1.2,1.1,2015-10-19, 02:15,T,81,5.0       ,293,17.9
-7.956,-49.467,314.1,2.2,1.4,2015-10-19, 02:15,T,84,5.0       ,294.3,45.7
-7.959,-49.487,305,2.2,1.4,2015-10-19, 02:15,T,14,5.0       ,294.2,18.7
-7.957,-49.474,317.2,2.2,1.4,2015-10-19, 02:15,T,93,5.0       ,294.4,57.5
-7.814,-50.212,307.6,1.9,1.4,2015-10-19, 02:15,T,55,5.0       ,293.8,24.9
-7.811,-50.218,305.9,1.9,1.4,2015-10-19, 02:15,T,39,5.0       ,293.7,20.9
-9.231,-60.868,306.3,1.8,1.3,2015-10-19, 02:15,T,44,5.0       ,295.5,17.6
-7.682,-50.302,315.1,1.9,1.4,2015-10-19, 02:15,T,87,5.0       ,294.5,40.3
-9.075,-61.652,305.2,2,1.4,2015-10-19, 02:15,T,22,5.0       ,289.7,20.4
-6.684,-46.077,305.1,4.3,1.9,2015-10-19, 02:15,T,19,5.0       ,291.6,65
-9.075,-62.505,307,2.4,1.5,2015-10-19, 02:15,T,51,5.0       ,291.5,28.4
-6.634,-52.128,305.6,1.5,1.2,2015-10-19, 02:15,T,34,5.0       ,293.7,11.4
-6.64,-52.119,308.4,1.5,1.2,2015-10-19, 02:15,T,61,5.0       ,293.9,15.8
-5.065,-46.095,307.4,4.5,2,2015-10-19, 02:15,T,53,5.0       ,292.2,74.7
-5.065,-46.102,306.7,4.5,2,2015-10-19, 02:15,T,48,5.0       ,292.1,68.8
-5.434,-49.026,308.4,2.6,1.6,2015-10-19, 02:15,T,61,5.0       ,292.4,39.5
-5.437,-49.05,312.2,2.6,1.6,2015-10-19, 02:15,T,78,5.0       ,292.5,54.1
-5.424,-49.052,315.9,2.6,1.6,2015-10-19, 02:15,T,89,5.0       ,292.6,68.7
-5.429,-49.033,314.4,2.6,1.6,2015-10-19, 02:15,T,85,5.0       ,292.5,61.8
-5.433,-49.056,309.6,2.6,1.6,2015-10-19, 02:15,T,64,5.0       ,292.5,41.4
-5.415,-49.035,306,2.6,1.6,2015-10-19, 02:15,T,29,5.0       ,292.3,29.1
-5.419,-49.059,306.2,2.6,1.6,2015-10-19, 02:15,T,31,5.0       ,292.4,29.3
-5.859,-53.695,305.5,1.2,1.1,2015-10-19, 02:15,T,22,5.0       ,290.3,8.6
-4.711,-46.745,306.5,4.1,1.9,2015-10-19, 02:15,T,46,5.0       ,291.7,64.6
-6.626,-60.047,310.2,1.4,1.2,2015-10-19, 02:15,T,70,5.0       ,295.7,17.8
-5.687,-53.627,305.8,1.2,1.1,2015-10-19, 02:15,T,37,5.0       ,294.8,9
-4.873,-48.48,321,3,1.6,2015-10-19, 02:15,T,100,5.0       ,291.8,113.6
-4.877,-48.506,314.7,3,1.6,2015-10-19, 02:15,T,86,5.0       ,291.6,76.6
-4.859,-48.483,317.3,3,1.6,2015-10-19, 02:15,T,93,5.0       ,291.2,92.5
-4.863,-48.509,319.2,3,1.6,2015-10-19, 02:15,T,98,5.0       ,291.3,101.3
-4.873,-48.487,329.6,3,1.6,2015-10-19, 02:15,T,100,5.0       ,292,171.2
-4.877,-48.513,308.2,3,1.6,2015-10-19, 02:15,T,59,5.0       ,291.4,46.7
-4.859,-48.49,319.2,3,1.6,2015-10-19, 02:15,T,98,5.0       ,291.2,104
-4.863,-48.516,306.5,3,1.6,2015-10-19, 02:15,T,40,5.0       ,291.2,39.1
-4.263,-48.968,315.4,2.8,1.6,2015-10-19, 02:15,T,88,5.0       ,291.7,83.1
-3.839,-48.104,306.7,3.3,1.7,2015-10-19, 02:15,T,48,5.0       ,291.5,54.3
-4.115,-54.127,310.8,1.2,1.1,2015-10-19, 02:15,T,72,5.0       ,295,13.2
-4.041,-54.046,307.6,1.2,1.1,2015-10-19, 02:15,T,55,5.0       ,294.5,10.8
-4.072,-54.257,307.5,1.2,1.1,2015-10-19, 02:15,T,54,5.0       ,294.8,9.2
-4.122,-54.606,326.9,1.1,1.1,2015-10-19, 02:15,T,100,5.0       ,294.3,36.1
-4.124,-54.616,322.5,1.1,1.1,2015-10-19, 02:15,T,100,5.0       ,293.8,29.3
-4.064,-54.269,305.8,1.2,1.1,2015-10-19, 02:15,T,25,5.0       ,294.6,6.9
-4.065,-54.48,308.4,1.1,1.1,2015-10-19, 02:15,T,60,5.0       ,294.4,10.2
-3.952,-54.498,313.8,1.1,1.1,2015-10-19, 02:15,T,83,5.0       ,294.7,16.7
-3.942,-54.5,306,1.1,1.1,2015-10-19, 02:15,T,39,5.0       ,294.4,8
-3.277,-50.814,308,2.1,1.4,2015-10-19, 02:15,T,58,5.0       ,293.7,28.8
-3.116,-50.347,311.3,2.3,1.5,2015-10-19, 02:15,T,74,5.0       ,279.7,50.1
-3.103,-50.349,312.7,2.3,1.5,2015-10-19, 02:15,T,80,5.0       ,279.8,54.5
-3.693,-54.317,308.6,1.2,1.1,2015-10-19, 02:15,T,62,5.0       ,295,9.7
-3.598,-53.811,310.8,1.3,1.1,2015-10-19, 02:15,T,72,5.0       ,294.4,16.3
-3.618,-54.301,305.2,1.2,1.1,2015-10-19, 02:15,T,23,5.0       ,294.3,7.4
-3.62,-54.45,316.4,1.2,1.1,2015-10-19, 02:15,T,91,5.0       ,295.8,19
-3.622,-54.46,313.4,1.2,1.1,2015-10-19, 02:15,T,82,5.0       ,295.9,14.6
-3.611,-54.451,374.4,1.2,1.1,2015-10-19, 02:15,T,100,5.0       ,300.5,172.8
-3.612,-54.462,410.4,1.2,1.1,2015-10-19, 02:15,T,100,5.0       ,305,396.8
-3.614,-54.472,335.3,1.2,1.1,2015-10-19, 02:15,T,100,5.0       ,296.5,49.9
-3.649,-54.716,306.6,1.1,1.1,2015-10-19, 02:15,T,47,5.0       ,294.2,8.2
-3.601,-54.453,351.5,1.2,1.1,2015-10-19, 02:15,T,100,5.0       ,296.4,90.4
-3.603,-54.463,368.3,1.2,1.1,2015-10-19, 02:15,T,100,5.0       ,297.4,146.6
-3.604,-54.473,310.2,1.2,1.1,2015-10-19, 02:15,T,70,5.0       ,295,10.2
-2.783,-49.14,307.7,2.9,1.6,2015-10-19, 02:15,T,56,5.0       ,291.4,52
-3.506,-53.943,307.9,1.2,1.1,2015-10-19, 02:15,T,57,5.0       ,294.2,10.8
-3.507,-53.955,309.7,1.2,1.1,2015-10-19, 02:15,T,67,5.0       ,294.4,12.9
-3.506,-53.95,313.4,1.2,1.1,2015-10-19, 02:15,T,78,5.0       ,294.5,17.6
-3.57,-54.672,319.9,1.1,1.1,2015-10-19, 02:15,T,99,5.0       ,294.3,25
-3.572,-54.682,322.6,1.1,1.1,2015-10-19, 02:15,T,100,5.0       ,294.2,29
-3.315,-53.14,305.5,1.4,1.2,2015-10-19, 02:15,T,32,5.0       ,293,13.2
-3.315,-53.334,314.9,1.4,1.2,2015-10-19, 02:15,T,87,5.0       ,294.2,25.5
-3.854,-57.167,320.9,1,1,2015-10-19, 02:15,T,100,5.0       ,285.3,27.3
-4.1,-59.318,306.7,1.2,1.1,2015-10-19, 02:15,T,48,5.0       ,295.3,9.9
-3.031,-52.62,310.5,1.5,1.2,2015-10-19, 02:15,T,71,5.0       ,293.2,22
-3.029,-52.626,307.3,1.5,1.2,2015-10-19, 02:15,T,53,5.0       ,293.1,17.1
-3.047,-52.897,316.7,1.5,1.2,2015-10-19, 02:15,T,92,5.0       ,293.9,32.7
-3.264,-54.663,310.7,1.1,1.1,2015-10-19, 02:15,T,72,5.0       ,294.7,13.3
-3.265,-54.673,313.6,1.1,1.1,2015-10-19, 02:15,T,82,5.0       ,294.6,16.7
-3.846,-58.919,308.5,1.1,1.1,2015-10-19, 02:15,T,61,5.0       ,297,9.4
-12.554,-52.104,309.4,1.2,1.1,2015-10-19, 02:15,T,66,5.0       ,295.4,13.8
-12.945,-54.862,309,1,1,2015-10-19, 02:15,T,64,5.0       ,295.6,11
-12.911,-54.883,308.8,1,1,2015-10-19, 02:15,T,63,5.0       ,295,10.7
-12.901,-55.137,309.2,1,1,2015-10-19, 02:15,T,65,5.0       ,294.1,11.2
-12.821,-54.772,311.5,1,1,2015-10-19, 02:15,T,75,5.0       ,295.4,13.2
-12.809,-54.745,306.3,1,1,2015-10-19, 02:15,T,44,5.0       ,294.7,8.2
-12.824,-54.855,331.4,1,1,2015-10-19, 02:15,T,100,5.0       ,295.1,37.4
-12.826,-54.864,326.1,1,1,2015-10-19, 02:15,T,100,5.0       ,294.9,29.8
-12.876,-55.288,311.7,1,1,2015-10-19, 02:15,T,76,5.0       ,292.8,13.6
-12.878,-55.297,305.5,1,1,2015-10-19, 02:15,T,31,5.0       ,292.1,7.7
-12.867,-55.289,306,1,1,2015-10-19, 02:15,T,41,5.0       ,292.2,8.5
-11.523,-47.231,309.6,2.8,1.6,2015-10-19, 02:15,T,67,5.0       ,294.9,47.4
-11.521,-47.237,308.5,2.8,1.6,2015-10-19, 02:15,T,61,5.0       ,294.9,44.9
-12.116,-51.071,312.5,1.4,1.2,2015-10-19, 02:15,T,79,5.0       ,299.1,19
-11.51,-47.795,316,2.5,1.5,2015-10-19, 02:15,T,90,5.0       ,290.8,80.3
-11.935,-50.511,326,1.6,1.2,2015-10-19, 02:15,T,100,5.0       ,298,55.1
-11.924,-50.512,311.3,1.6,1.2,2015-10-19, 02:15,T,74,5.0       ,297,22.2
-12.587,-54.866,315.9,1,1,2015-10-19, 02:15,T,89,5.0       ,295.3,17.4
-11.888,-50.582,309.1,1.5,1.2,2015-10-19, 02:15,T,64,5.0       ,296.8,19
-12.754,-56.662,310.1,1.1,1,2015-10-19, 02:15,T,70,5.0       ,277.1,16.2
-12.755,-56.672,309.5,1.1,1,2015-10-19, 02:15,T,56,5.0       ,279.2,14.9
-12.472,-54.833,321.7,1,1,2015-10-19, 02:15,T,100,5.0       ,296.6,23.4
-12.473,-54.842,308,1,1,2015-10-19, 02:15,T,58,5.0       ,295.1,8.7
-12.462,-54.832,324.5,1,1,2015-10-19, 02:15,T,100,5.0       ,295.8,28
-12.464,-54.841,324.2,1,1,2015-10-19, 02:15,T,100,5.0       ,296.2,27.2
-10.771,-44.728,311.4,4.5,2,2015-10-19, 02:15,T,74,5.0       ,295,103.6
-10.779,-44.768,327.6,4.5,1.9,2015-10-19, 02:15,T,100,5.0       ,297.6,270
-11.916,-51.485,307.6,1.3,1.1,2015-10-19, 02:15,T,55,5.0       ,297.2,11.2
-11.893,-51.538,309.5,1.3,1.1,2015-10-19, 02:15,T,67,5.0       ,298.3,12.9
-12.604,-56.449,337.1,1.1,1,2015-10-19, 02:15,T,100,5.0       ,291.4,51.5
-12.606,-56.458,323.7,1.1,1,2015-10-19, 02:15,T,100,5.0       ,290.2,29.4
-10.72,-44.439,306.3,4.7,2,2015-10-19, 02:15,T,31,5.0       ,296.1,70
-10.771,-44.732,314.9,4.5,2,2015-10-19, 02:15,T,87,5.0       ,295.4,133.7
-10.778,-44.773,326.3,4.5,1.9,2015-10-19, 02:15,T,100,5.0       ,297.7,251
-12.597,-56.445,317.4,1.1,1,2015-10-19, 02:15,T,93,5.0       ,290.3,21.5
-12.599,-56.455,336.8,1.1,1,2015-10-19, 02:15,T,100,5.0       ,293.4,51.2
-12.588,-56.447,305.9,1.1,1,2015-10-19, 02:15,T,39,5.0       ,289.5,9.6
-12.589,-56.457,323.8,1.1,1,2015-10-19, 02:15,T,100,5.0       ,291.3,30.5
-10.669,-44.667,310.8,4.6,2,2015-10-19, 02:15,T,72,5.0       ,296,100.4
-11.673,-50.602,307,1.6,1.2,2015-10-19, 02:15,T,51,5.0       ,296.8,14.1
-12.235,-54.272,346.8,1,1,2015-10-19, 02:15,T,100,5.0       ,296.1,64.8
-12.236,-54.281,341.3,1,1,2015-10-19, 02:15,T,100,5.0       ,296.3,53.6
-11.611,-50.361,377.6,1.6,1.3,2015-10-19, 02:15,T,100,5.0       ,303.4,304.9
-11.614,-50.375,348.1,1.6,1.2,2015-10-19, 02:15,T,100,5.0       ,300.6,131.5
-11.6,-50.363,377.3,1.6,1.3,2015-10-19, 02:15,T,100,5.0       ,303.3,301.9
-11.602,-50.377,328.9,1.6,1.2,2015-10-19, 02:15,T,100,5.0       ,299.5,61.7
-10.67,-44.674,310.9,4.6,2,2015-10-19, 02:15,T,73,5.0       ,296,99.7
-11.61,-50.352,327.6,1.6,1.3,2015-10-19, 02:15,T,100,5.0       ,299.7,59.2
-11.612,-50.367,364.7,1.6,1.3,2015-10-19, 02:15,T,100,5.0       ,303.7,216.6
-11.614,-50.382,315.7,1.6,1.2,2015-10-19, 02:15,T,89,5.0       ,298.4,28.5
-11.599,-50.354,345.1,1.6,1.3,2015-10-19, 02:15,T,100,5.0       ,300.4,118.6
-11.601,-50.369,366.7,1.6,1.3,2015-10-19, 02:15,T,100,5.0       ,302.6,227.7
-11.587,-50.356,322.8,1.6,1.3,2015-10-19, 02:15,T,100,5.0       ,298.9,44.1
-3.835,-58.91,320.8,1.1,1.1,2015-10-19, 02:15,T,100,5.0       ,297.7,24.1
-3.837,-58.92,310.8,1.1,1.1,2015-10-19, 02:15,T,51,5.0       ,297.3,11.4
-3.826,-58.911,314,1.1,1.1,2015-10-19, 02:15,T,84,5.0       ,297.3,15.4
-3.114,-54.697,325.2,1.1,1.1,2015-10-19, 02:15,T,100,5.0       ,296.1,33.2
-3.654,-58.549,315.6,1.1,1,2015-10-19, 02:15,T,89,5.0       ,296.4,17.2
-3.656,-58.559,349.5,1.1,1,2015-10-19, 02:15,T,100,5.0       ,297.8,78
-2.913,-54.153,308.4,1.2,1.1,2015-10-19, 02:15,T,60,5.0       ,294.3,12
-2.903,-54.154,310.7,1.2,1.1,2015-10-19, 02:15,T,72,5.0       ,294.3,14.3
-3.658,-60.192,314,1.3,1.1,2015-10-19, 02:15,T,84,5.0       ,297,18.6
-3.661,-60.198,307.9,1.3,1.1,2015-10-19, 02:15,T,57,5.0       ,296.7,10.5
-16.204,-60.253,322.6,2,1.4,2015-10-19, 02:15,T,100,5.0       ,293.9,73.1
-14.383,-48.54,308.3,2,1.4,2015-10-19, 02:15,T,58,5.0       ,296.6,27.4
-14.258,-48.122,306.6,2.1,1.4,2015-10-19, 02:15,T,11,5.0       ,294.8,23.3
-14.245,-48.124,317,2.1,1.4,2015-10-19, 02:15,T,90,5.0       ,298.2,49.7
-14.249,-48.143,314.4,2.1,1.4,2015-10-19, 02:15,T,45,5.0       ,297.4,43
-14.209,-47.99,314.8,2.2,1.4,2015-10-19, 02:15,T,84,5.0       ,296.3,48.3
-14.196,-47.992,309.8,2.2,1.4,2015-10-19, 02:15,T,52,5.0       ,296,31.3
-14.233,-48.205,306.2,2.1,1.4,2015-10-19, 02:15,T,43,5.0       ,293.4,23.8
-15.19,-56.218,306.1,1.1,1,2015-10-19, 02:15,T,42,5.0       ,295.4,6.4
-13.161,-43.907,349.3,4.6,2,2015-10-19, 02:15,T,100,5.0       ,295.3,666.8
-13.169,-43.949,340.8,4.6,2,2015-10-19, 02:15,T,100,5.0       ,295.4,502
-13.161,-43.912,354.2,4.6,2,2015-10-19, 02:15,T,100,5.0       ,296,770.9
-13.169,-43.954,334,4.6,2,2015-10-19, 02:15,T,100,5.0       ,294.8,395.5
-13.195,-44.842,306.5,3.9,1.8,2015-10-19, 02:15,T,13,5.0       ,291.9,74.1
-13.19,-44.85,307.2,3.9,1.8,2015-10-19, 02:15,T,44,5.0       ,291.8,81.6
-13.18,-44.889,305.8,3.9,1.8,2015-10-19, 02:15,T,23,5.0       ,292.3,67.7
-13.171,-44.928,332.1,3.9,1.8,2015-10-19, 02:15,T,100,5.0       ,293.7,290.1
-13.605,-47.552,306.8,2.4,1.5,2015-10-19, 02:15,T,35,5.0       ,291.9,33.3
-13.182,-44.931,311.9,3.9,1.8,2015-10-19, 02:15,T,39,5.0       ,294.1,106.8
-13.165,-44.933,325,3.9,1.8,2015-10-19, 02:15,T,100,5.0       ,291.7,221.1
-13.481,-46.973,316.2,2.7,1.6,2015-10-19, 02:15,T,90,5.0       ,298.9,61.7
-13.464,-46.956,307.1,2.7,1.6,2015-10-19, 02:15,T,44,5.0       ,297,28.4
-13.467,-46.975,309.4,2.7,1.6,2015-10-19, 02:15,T,66,5.0       ,298.4,34.9
-14.41,-52.734,309.4,1.1,1,2015-10-19, 02:15,T,66,5.0       ,296.4,11
-14.4,-52.736,323.7,1.1,1,2015-10-19, 02:15,T,100,5.0       ,297.3,28.4
-13.519,-47.432,306.7,2.5,1.5,2015-10-19, 02:15,T,46,5.0       ,296.5,27.9
-15.137,-59.181,314.2,1.6,1.3,2015-10-19, 02:15,T,85,5.0       ,294.2,31.3
-15.126,-59.183,318,1.6,1.3,2015-10-19, 02:15,T,95,5.0       ,294.2,40.5
-13.892,-50.967,310.2,1.4,1.2,2015-10-19, 02:15,T,70,5.0       ,296.7,17.6
-13.903,-51.302,311.7,1.3,1.1,2015-10-19, 02:15,T,38,5.0       ,301.2,12.5
-13.905,-51.314,324.9,1.3,1.1,2015-10-19, 02:15,T,100,5.0       ,302.1,34.7
-13.907,-51.325,317.1,1.3,1.1,2015-10-19, 02:15,T,76,5.0       ,300,21.6
-14.516,-55.983,306.8,1.1,1,2015-10-19, 02:15,T,49,5.0       ,293.7,8.4
-14.517,-55.993,305.6,1.1,1,2015-10-19, 02:15,T,33,5.0       ,293.1,7.3
-13.161,-47.328,312.4,2.6,1.5,2015-10-19, 02:15,T,79,5.0       ,300.1,41.4
-14.083,-53.013,308.3,1.1,1,2015-10-19, 02:15,T,60,5.0       ,295.6,10.5
-13.964,-52.704,308.5,1.1,1,2015-10-19, 02:15,T,29,5.0       ,296.4,9.2
-13.965,-52.714,317.5,1.1,1,2015-10-19, 02:15,T,94,5.0       ,296.9,19.6
-13.908,-53.074,307.9,1.1,1,2015-10-19, 02:15,T,41,5.0       ,296.8,7.8
-12.569,-45.234,333.4,3.8,1.8,2015-10-19, 02:15,T,100,5.0       ,295.2,296.4
-12.575,-45.268,313.4,3.8,1.8,2015-10-19, 02:15,T,82,5.0       ,293.4,117.9
-12.553,-45.237,333.9,3.8,1.8,2015-10-19, 02:15,T,100,5.0       ,293.5,297.7
-12.559,-45.271,329.4,3.8,1.8,2015-10-19, 02:15,T,100,5.0       ,295.4,251.1
-12.563,-45.242,351,3.8,1.8,2015-10-19, 02:15,T,100,5.0       ,296.9,529.1
-12.569,-45.276,312.2,3.8,1.8,2015-10-19, 02:15,T,78,5.0       ,293.7,109.4
-12.546,-45.245,311.4,3.8,1.8,2015-10-19, 02:15,T,75,5.0       ,293.1,103.6
-12.553,-45.279,311.5,3.8,1.8,2015-10-19, 02:15,T,75,5.0       ,293.5,105.2
-14.797,-60.438,305.7,2,1.4,2015-10-19, 02:15,T,35,5.0       ,289.8,22.2
-14.799,-60.456,317.3,2,1.4,2015-10-19, 02:15,T,93,5.0       ,290.7,51.3
-14.802,-60.475,318.8,2,1.4,2015-10-19, 02:15,T,97,5.0       ,290.5,54.4
-14.794,-60.515,315.1,2,1.4,2015-10-19, 02:15,T,87,5.0       ,291.2,43.6
-14.772,-60.441,325.7,2,1.4,2015-10-19, 02:15,T,100,5.0       ,289.9,80.5
-14.775,-60.46,329.7,2,1.4,2015-10-19, 02:15,T,100,5.0       ,290.2,94.4
-12.951,-47.94,308.7,2.3,1.5,2015-10-19, 02:15,T,62,5.0       ,297.4,30.2
-14.261,-56.413,306.8,1.1,1,2015-10-19, 02:15,T,37,5.0       ,291.2,8.8
-14.76,-60.443,335.1,2,1.4,2015-10-19, 02:15,T,100,5.0       ,290.1,118.7
-14.762,-60.461,312.2,2,1.4,2015-10-19, 02:15,T,55,5.0       ,290.1,35.4
-14.77,-60.447,338.9,2,1.4,2015-10-19, 02:15,T,100,5.0       ,290.6,137.1
-14.773,-60.465,318.3,2,1.4,2015-10-19, 02:15,T,96,5.0       ,289.7,53.2
-12.955,-47.945,312.2,2.3,1.5,2015-10-19, 02:15,T,78,5.0       ,297.8,41.1
-14.758,-60.449,326.2,2,1.4,2015-10-19, 02:15,T,100,5.0       ,289.9,81.5
-14.745,-60.451,314.1,2,1.4,2015-10-19, 02:15,T,62,5.0       ,289.6,40.8
-14.733,-60.452,345.6,2,1.4,2015-10-19, 02:15,T,100,5.0       ,290.1,171.3
-14.735,-60.47,308.9,2,1.4,2015-10-19, 02:15,T,11,5.0       ,289.4,25.9
-14.721,-60.454,343.9,2,1.4,2015-10-19, 02:15,T,100,5.0       ,290.1,162.6
-14.706,-60.437,318.1,2,1.4,2015-10-19, 02:15,T,95,5.0       ,288,53.3
-14.708,-60.455,338,2,1.4,2015-10-19, 02:15,T,100,5.0       ,289.6,131.4
-14.694,-60.439,327.8,2,1.4,2015-10-19, 02:15,T,100,5.0       ,288.2,89
-14.696,-60.456,327,2,1.4,2015-10-19, 02:15,T,100,5.0       ,288.3,85.9
-13.333,-50.686,308.7,1.4,1.2,2015-10-19, 02:15,T,62,5.0       ,296.9,15.6
-14.681,-60.44,312.7,2,1.4,2015-10-19, 02:15,T,80,5.0       ,287.1,42
-14.683,-60.458,308.5,2,1.4,2015-10-19, 02:15,T,61,5.0       ,287.7,30.7
-14.679,-60.447,311.9,2,1.4,2015-10-19, 02:15,T,77,5.0       ,287.5,38
-12.526,-46.244,306.8,3.2,1.7,2015-10-19, 02:15,T,17,5.0       ,295.3,52.4
-13.307,-50.962,356,1.4,1.2,2015-10-19, 02:15,T,100,5.0       ,302.9,132.6
-13.309,-50.975,348,1.4,1.2,2015-10-19, 02:15,T,100,5.0       ,302,103
-13.29,-50.926,323.3,1.4,1.2,2015-10-19, 02:15,T,100,5.0       ,300,36.7
-13.292,-50.938,379.9,1.4,1.2,2015-10-19, 02:15,T,100,5.0       ,305.6,256.2
-13.294,-50.951,366.1,1.4,1.2,2015-10-19, 02:15,T,100,5.0       ,303.8,177.1
-13.297,-50.964,354.6,1.4,1.2,2015-10-19, 02:15,T,100,5.0       ,302.3,126.1
-13.299,-50.976,338.3,1.4,1.2,2015-10-19, 02:15,T,100,5.0       ,300.9,72.8
-13.28,-50.927,324.4,1.4,1.2,2015-10-19, 02:15,T,100,5.0       ,300.5,37.4
-13.282,-50.94,407.6,1.4,1.2,2015-10-19, 02:15,T,100,5.0       ,309.3,485.1
-13.284,-50.953,365.8,1.4,1.2,2015-10-19, 02:15,T,100,5.0       ,302.5,176.4
-13.286,-50.965,342.5,1.4,1.2,2015-10-19, 02:15,T,100,5.0       ,300.8,83.2
-13.288,-50.978,333.2,1.4,1.2,2015-10-19, 02:15,T,100,5.0       ,299.9,59.7
-13.265,-50.904,308.8,1.4,1.2,2015-10-19, 02:15,T,52,5.0       ,297.6,12.8
-13.267,-50.917,321.4,1.4,1.2,2015-10-19, 02:15,T,100,5.0       ,298.5,33.7
-13.27,-50.929,328.9,1.4,1.2,2015-10-19, 02:15,T,100,5.0       ,300.1,47.7
-13.272,-50.942,408.6,1.4,1.2,2015-10-19, 02:15,T,100,5.0       ,309.3,494.6
-13.274,-50.955,356.1,1.4,1.2,2015-10-19, 02:15,T,100,5.0       ,301.2,132.6
-13.276,-50.967,323.2,1.4,1.2,2015-10-19, 02:15,T,100,5.0       ,299.4,36.8
-13.278,-50.98,336.5,1.4,1.2,2015-10-19, 02:15,T,100,5.0       ,299.4,68
-13.257,-50.918,313,1.4,1.2,2015-10-19, 02:15,T,27,5.0       ,297.8,16.9
-13.259,-50.931,319,1.4,1.2,2015-10-19, 02:15,T,28,5.0       ,299.6,22.8
-13.261,-50.944,381.3,1.4,1.2,2015-10-19, 02:15,T,100,5.0       ,304.9,262
-13.263,-50.956,318.7,1.4,1.2,2015-10-19, 02:15,T,97,5.0       ,299.1,26.6
-13.267,-50.982,334.1,1.4,1.2,2015-10-19, 02:15,T,100,5.0       ,298.8,62.9
-13.26,-50.91,321.3,1.4,1.2,2015-10-19, 02:15,T,70,5.0       ,298.5,31.7
-13.264,-50.936,368,1.4,1.2,2015-10-19, 02:15,T,100,5.0       ,304.3,182.4
-13.266,-50.949,372.9,1.4,1.2,2015-10-19, 02:15,T,100,5.0       ,304.9,210.9
-13.27,-50.974,327.1,1.4,1.2,2015-10-19, 02:15,T,100,5.0       ,299.1,45
-13.272,-50.987,324.1,1.4,1.2,2015-10-19, 02:15,T,100,5.0       ,297.7,39.1
-13.254,-50.938,346.2,1.4,1.2,2015-10-19, 02:15,T,100,5.0       ,301.2,92
-13.256,-50.95,343,1.4,1.2,2015-10-19, 02:15,T,100,5.0       ,300.9,83.3
-13.26,-50.976,322.2,1.4,1.2,2015-10-19, 02:15,T,98,5.0       ,298.5,34.1
-13.262,-50.988,325.8,1.4,1.2,2015-10-19, 02:15,T,100,5.0       ,297.2,42.9
-12.537,-47.189,307.7,2.7,1.6,2015-10-19, 02:15,T,48,5.0       ,296.2,34.4
-13.165,-51.024,327.8,1.4,1.2,2015-10-19, 02:15,T,100,5.0       ,298.2,49.3
-13.154,-51.026,324.3,1.4,1.2,2015-10-19, 02:15,T,100,5.0       ,297.3,41.3
-12.547,-47.412,305.5,2.6,1.5,2015-10-19, 02:15,T,32,5.0       ,293.4,31.7
-12.551,-47.435,305.3,2.6,1.5,2015-10-19, 02:15,T,28,5.0       ,293.2,31.5
-11.931,-44.947,305.5,4.1,1.9,2015-10-19, 02:15,T,13,5.0       ,295.3,62.5
-11.938,-44.981,310.4,4.1,1.9,2015-10-19, 02:15,T,69,5.0       ,295.1,92.1
-11.945,-44.954,307.1,4.1,1.9,2015-10-19, 02:15,T,45,5.0       ,295.7,78.1
-13.712,-56.075,306.7,1.1,1,2015-10-19, 02:15,T,48,5.0       ,268.2,16.3
-12.297,-47.117,312,2.8,1.6,2015-10-19, 02:15,T,77,5.0       ,294.5,60.7
-12.881,-50.602,307.2,1.5,1.2,2015-10-19, 02:15,T,52,5.0       ,295.8,16.1
-13.198,-52.637,313.1,1.1,1.1,2015-10-19, 02:15,T,81,5.0       ,295.4,16
-12.905,-50.817,307,1.4,1.2,2015-10-19, 02:15,T,50,5.0       ,296.7,12.3
-13.189,-52.639,313.4,1.1,1.1,2015-10-19, 02:15,T,82,5.0       ,295.7,16.5
-13.544,-55.391,314.5,1,1,2015-10-19, 02:15,T,85,5.0       ,293.9,16.7
-13.545,-55.4,312.2,1,1,2015-10-19, 02:15,T,78,5.0       ,291.3,14.4
-11.817,-44.945,342.5,4.1,1.9,2015-10-19, 02:15,T,100,5.0       ,297.7,429.2
-11.824,-44.982,330.2,4.1,1.9,2015-10-19, 02:15,T,100,5.0       ,298.6,259
-11.807,-44.986,337.3,4.1,1.9,2015-10-19, 02:15,T,100,5.0       ,298.1,345.6
-13.247,-53.833,308,1,1,2015-10-19, 02:15,T,58,5.0       ,294.5,9.4
-11.807,-44.914,308.5,4.2,1.9,2015-10-19, 02:15,T,12,5.0       ,294.6,72.2
-11.814,-44.953,337.8,4.1,1.9,2015-10-19, 02:15,T,100,5.0       ,297.5,360.4
-11.82,-44.99,330.6,4.1,1.9,2015-10-19, 02:15,T,100,5.0       ,299.1,258.8
-11.804,-44.993,326.5,4.1,1.9,2015-10-19, 02:15,T,100,5.0       ,297.2,213.2
-13.213,-53.787,305.3,1,1,2015-10-19, 02:15,T,11,5.0       ,294.7,6.5
-13.205,-53.798,309.3,1,1,2015-10-19, 02:15,T,65,5.0       ,296.2,10
-13.26,-54.236,305.6,1,1,2015-10-19, 02:15,T,34,5.0       ,294.8,7.1
-12.874,-51.727,315.2,1.3,1.1,2015-10-19, 02:15,T,87,5.0       ,295.9,22.2
-12.49,-50.321,319.9,1.6,1.2,2015-10-19, 02:15,T,99,5.0       ,298.7,41.3
-12.493,-50.335,309.9,1.6,1.2,2015-10-19, 02:15,T,68,5.0       ,296.9,19.2
-12.479,-50.323,327.8,1.6,1.2,2015-10-19, 02:15,T,100,5.0       ,298.8,60
-12.482,-50.337,311.7,1.6,1.2,2015-10-19, 02:15,T,76,5.0       ,297.1,21.5
-12.466,-50.31,311.5,1.6,1.2,2015-10-19, 02:15,T,51,5.0       ,296.3,21.9
-12.468,-50.325,324.9,1.6,1.2,2015-10-19, 02:15,T,100,5.0       ,298.2,51.5
-12.457,-50.326,310.7,1.6,1.2,2015-10-19, 02:15,T,72,5.0       ,296.7,21.6
-12.607,-51.395,313.6,1.3,1.1,2015-10-19, 02:15,T,83,5.0       ,299.2,19.4
-12.597,-51.397,311.8,1.3,1.1,2015-10-19, 02:15,T,76,5.0       ,298.7,15.5
-12.598,-51.39,310,1.3,1.1,2015-10-19, 02:15,T,47,5.0       ,299.1,12.9
-12.6,-51.402,310.2,1.3,1.1,2015-10-19, 02:15,T,50,5.0       ,298.6,12.5
-12.432,-51.118,309,1.4,1.2,2015-10-19, 02:15,T,64,5.0       ,298.7,14.3
-12.444,-51.194,317.3,1.4,1.2,2015-10-19, 02:15,T,93,5.0       ,298.6,27.1
-12.446,-51.207,350.8,1.4,1.2,2015-10-19, 02:15,T,100,5.0       ,300.6,114
-12.436,-51.208,338.4,1.4,1.2,2015-10-19, 02:15,T,100,5.0       ,299.1,74.7
-12.391,-51.06,309.9,1.4,1.2,2015-10-19, 02:15,T,69,5.0       ,298.7,15.2
-11.565,-50.36,355.3,1.6,1.3,2015-10-19, 02:15,T,100,5.0       ,300.7,166.5
-11.554,-50.362,346.2,1.6,1.3,2015-10-19, 02:15,T,100,5.0       ,299,125.8
-11.542,-50.364,321.6,1.6,1.3,2015-10-19, 02:15,T,100,5.0       ,296.3,46.5
-12.18,-54.531,309.6,1,1,2015-10-19, 02:15,T,67,5.0       ,295.7,9.6
-11.53,-50.426,309.6,1.6,1.2,2015-10-19, 02:15,T,67,5.0       ,296.6,20.7
-11.528,-50.417,311.8,1.6,1.2,2015-10-19, 02:15,T,76,5.0       ,296.6,24.4
-12.243,-55.359,312,1,1,2015-10-19, 02:15,T,77,5.0       ,295.1,13.9
-13.286,-64.538,310.7,3.9,1.8,2015-10-19, 02:15,T,72,5.0       ,290.5,95.2
-12.061,-54.599,305.6,1,1,2015-10-19, 02:15,T,35,5.0       ,295.1,7.4
-11.449,-50.716,319.2,1.5,1.2,2015-10-19, 02:15,T,98,5.0       ,298.8,35.3
-11.451,-50.73,330.6,1.5,1.2,2015-10-19, 02:15,T,100,5.0       ,299.6,63.5
-13.281,-64.545,313.1,3.9,1.8,2015-10-19, 02:15,T,81,5.0       ,290.5,112.9
-10.895,-47.876,310.8,2.6,1.5,2015-10-19, 02:15,T,72,5.0       ,294.6,45.6
-11.163,-49.654,312.7,1.9,1.3,2015-10-19, 02:15,T,78,5.0       ,296,33.1
-11.166,-49.67,341.9,1.9,1.3,2015-10-19, 02:15,T,100,5.0       ,297.8,134.4
-11.154,-49.673,323.3,1.9,1.3,2015-10-19, 02:15,T,100,5.0       ,297.4,61.4
-11.139,-49.658,309.2,1.9,1.3,2015-10-19, 02:15,T,44,5.0       ,295.1,24.1
-11.142,-49.675,336.3,1.9,1.3,2015-10-19, 02:15,T,100,5.0       ,299.7,109.8
-11.134,-49.665,317.1,1.9,1.3,2015-10-19, 02:15,T,93,5.0       ,296.2,43.9
-11.137,-49.682,319.6,1.9,1.3,2015-10-19, 02:15,T,99,5.0       ,297.3,49.8
-12.269,-57.542,316.5,1.2,1.1,2015-10-19, 02:15,T,91,5.0       ,293,22.9
-12.27,-57.553,339.8,1.2,1.1,2015-10-19, 02:15,T,100,5.0       ,291.8,65.2
-11.115,-49.772,331.1,1.8,1.3,2015-10-19, 02:15,T,100,5.0       ,299.1,84.2
-11.865,-54.707,309,1,1,2015-10-19, 02:15,T,64,5.0       ,295.6,9.8
-11.866,-54.716,319.8,1,1,2015-10-19, 02:15,T,99,5.0       ,295.9,21.4
-12.238,-57.384,308.4,1.2,1.1,2015-10-19, 02:15,T,60,5.0       ,294.8,12.3
-39.421,-71.937,325.7,1,1,2015-10-19, 03:45,T,100,5.0       ,267.4,43.2
-39.422,-71.948,311.1,1,1,2015-10-19, 03:45,T,73,5.0       ,267.9,25.9
-7.39,-34.987,315.7,1.2,1.1,2015-10-19, 03:35,A,89,5.0       ,291.2,26.7
-7.392,-34.976,306.6,1.2,1.1,2015-10-19, 03:35,A,47,5.0       ,292.8,14.8
-9.192,-43.393,306,4.8,2,2015-10-19, 03:40,A,41,5.0       ,292.3,107.8
-9.188,-43.4,305.2,4.8,2,2015-10-19, 03:40,A,22,5.0       ,292.9,101.8
-13.079,-43.232,307.6,3.9,1.8,2015-10-19, 03:40,A,55,5.0       ,296.4,72.9
-13.086,-43.196,308.8,3.9,1.8,2015-10-19, 03:40,A,63,5.0       ,296.3,78.3
-13.096,-43.235,315.7,3.9,1.8,2015-10-19, 03:40,A,89,5.0       ,296.6,124.7
-13.102,-43.2,315.7,3.9,1.8,2015-10-19, 03:40,A,89,5.0       ,296.4,121.5
-13.167,-43.928,323.2,4.4,1.9,2015-10-19, 03:40,A,100,5.0       ,292.3,250.1
-13.174,-43.888,315.6,4.4,1.9,2015-10-19, 03:40,A,88,5.0       ,291.3,172.4
-13.152,-43.929,318.3,4.4,1.9,2015-10-19, 03:40,A,95,5.0       ,291.6,194.3
-13.16,-43.89,319.3,4.4,1.9,2015-10-19, 03:40,A,98,5.0       ,292,202.4
-19.4,-43.544,306.3,3.1,1.7,2015-10-19, 03:40,A,44,5.0       ,288.3,57.5
-19.406,-43.513,311.4,3,1.7,2015-10-19, 03:40,A,75,5.0       ,287.1,81
-19.411,-43.484,313,3,1.7,2015-10-19, 03:40,A,81,5.0       ,286.6,88.3
-19.455,-43.495,365.9,3,1.7,2015-10-19, 03:40,A,100,5.0       ,290.3,587.5
-19.46,-43.47,319.4,3,1.7,2015-10-19, 03:40,A,98,5.0       ,287.7,121.4
-19.403,-43.52,313.3,3,1.7,2015-10-19, 03:40,A,82,5.0       ,287.3,85.4
-19.409,-43.491,312.3,3,1.7,2015-10-19, 03:40,A,78,5.0       ,286.6,81.5
-18.01,-52.932,338.5,1,1,2015-10-19, 02:15,T,100,5.0       ,278.8,50.1
-17.998,-52.915,305.8,1,1,2015-10-19, 02:15,T,4,5.0       ,275.1,9.1
-18,-52.924,352.7,1,1,2015-10-19, 02:15,T,100,5.0       ,278.7,80.7
-18.001,-52.934,322.5,1,1,2015-10-19, 02:15,T,93,5.0       ,277.8,26.6
-16.571,-47.726,325.6,2.1,1.4,2015-10-19, 02:15,T,100,5.0       ,289.7,99.1
-15.607,-46.252,309.7,2.8,1.6,2015-10-19, 02:15,T,68,5.0       ,297,46.4
-15.604,-46.257,309.1,2.8,1.6,2015-10-19, 02:15,T,55,5.0       ,296.5,43.7
-15.307,-45.539,305,3.2,1.7,2015-10-19, 02:15,T,11,5.0       ,294.3,35.8
-16.97,-56.579,308.3,1.2,1.1,2015-10-19, 02:15,T,60,5.0       ,294.9,11.1
-16.972,-56.59,318,1.2,1.1,2015-10-19, 02:15,T,95,5.0       ,295.4,24.3
-16.962,-56.592,312.2,1.2,1.1,2015-10-19, 02:15,T,78,5.0       ,295.2,15.5
-17.483,-63.1,310.6,3.5,1.8,2015-10-19, 02:15,T,72,5.0       ,290.4,100
-15.53,-48.539,306.7,1.9,1.3,2015-10-19, 02:15,T,48,5.0       ,295.7,24.3
-17.49,-63.106,313.4,3.5,1.8,2015-10-19, 02:15,T,82,5.0       ,290.6,118
-15.354,-47.839,305.6,2.1,1.4,2015-10-19, 02:15,T,34,5.0       ,293.7,23.4
-17.131,-60.641,305.1,2.2,1.5,2015-10-19, 02:15,T,16,5.0       ,291.7,30
-16.184,-53.404,305.4,1,1,2015-10-19, 02:15,T,26,5.0       ,291,6.8
-15.21,-47.92,307.3,2.1,1.4,2015-10-19, 02:15,T,53,5.0       ,295.6,27.2
-15.213,-47.938,313.8,2.1,1.4,2015-10-19, 02:15,T,83,5.0       ,295.2,46.5
-15.347,-49.621,310.5,1.6,1.2,2015-10-19, 02:15,T,48,5.0       ,293.6,26.1
-15.283,-49.302,336.6,1.7,1.3,2015-10-19, 02:15,T,100,5.0       ,297.5,92.6
-15.251,-49.181,307.7,1.7,1.3,2015-10-19, 02:15,T,56,5.0       ,294.8,21.4
-15.271,-49.304,325.7,1.7,1.3,2015-10-19, 02:15,T,100,5.0       ,296.8,56.8
-15.251,-49.323,314.5,1.7,1.3,2015-10-19, 02:15,T,59,5.0       ,294.9,30.2
-15.098,-48.743,307.1,1.8,1.3,2015-10-19, 02:15,T,52,5.0       ,296.8,18.6
-15.179,-49.231,312,1.7,1.3,2015-10-19, 02:15,T,77,5.0       ,294.2,28.5
-15.113,-49.259,306.6,1.7,1.3,2015-10-19, 02:15,T,47,5.0       ,296.6,17.2
-15.086,-49.642,311.8,1.6,1.2,2015-10-19, 02:15,T,76,5.0       ,293.8,27.7
-15.088,-49.656,333.6,1.6,1.2,2015-10-19, 02:15,T,100,5.0       ,294.5,82
-15.086,-49.647,327.2,1.6,1.2,2015-10-19, 02:15,T,100,5.0       ,294.5,63.6
-15.088,-49.662,318.8,1.6,1.2,2015-10-19, 02:15,T,97,5.0       ,293.8,42.6
-14.423,-46.073,313.4,3,1.7,2015-10-19, 02:15,T,82,5.0       ,295.1,77.8
-14.428,-46.1,331.8,3,1.6,2015-10-19, 02:15,T,100,5.0       ,296.8,193.8
-14.882,-48.916,308.4,1.8,1.3,2015-10-19, 02:15,T,36,5.0       ,283.4,23.2
-14.885,-48.933,312.5,1.8,1.3,2015-10-19, 02:15,T,67,5.0       ,291.7,33.9
-14.433,-46.535,309.4,2.8,1.6,2015-10-19, 02:15,T,54,5.0       ,297.7,45.6
-15.328,-52.174,311.3,1.1,1.1,2015-10-19, 02:15,T,61,5.0       ,299.7,12
-15.33,-52.185,322.8,1.1,1.1,2015-10-19, 02:15,T,100,5.0       ,300.2,26.6
-15.319,-52.176,317.3,1.1,1.1,2015-10-19, 02:15,T,93,5.0       ,300.5,19.7
-16.249,-60.185,325.5,2,1.4,2015-10-19, 02:15,T,100,5.0       ,293.7,84.2
-16.206,-60.248,317.7,2,1.4,2015-10-19, 02:15,T,94,5.0       ,293.9,57.5
-16.193,-60.249,309.1,2,1.4,2015-10-19, 02:15,T,64,5.0       ,293.4,32.7
-19.453,-43.502,350.9,3,1.7,2015-10-19, 03:40,A,100,5.0       ,289.1,388.6
-19.458,-43.475,333.2,3,1.7,2015-10-19, 03:40,A,100,5.0       ,288.4,218.2
-19.467,-43.506,345.3,3,1.7,2015-10-19, 03:40,A,100,5.0       ,288.4,329.9
-19.473,-43.479,321.6,3,1.7,2015-10-19, 03:40,A,100,5.0       ,287.2,137.9
-21.547,-46.733,314.5,4.6,2,2015-10-19, 03:40,A,85,5.0       ,289.2,175.2
-21.544,-46.741,308.7,4.6,2,2015-10-19, 03:40,A,62,5.0       ,289,124.9
-14.821,-60.446,307,1.1,1,2015-10-19, 05:20,A,43,5.0       ,288.1,11.6
-15.124,-59.174,305.6,1,1,2015-10-19, 05:20,A,29,5.0       ,294.3,7.7
-15.133,-59.175,305.8,1,1,2015-10-19, 05:20,A,30,5.0       ,294.4,7.7
-16.34,-57.184,311.5,1.1,1,2015-10-19, 05:20,A,75,5.0       ,295,12.9
-16.341,-57.174,313.9,1.1,1,2015-10-19, 05:20,A,83,5.0       ,295.3,15.7
-16.037,-60.924,309.1,1.1,1.1,2015-10-19, 05:20,A,58,5.0       ,292.6,13.8
-16.195,-60.245,323.7,1.1,1,2015-10-19, 05:20,A,100,5.0       ,293.8,30.8
-16.204,-60.247,318.9,1.1,1,2015-10-19, 05:20,A,97,5.0       ,293.5,24.6
-16.242,-60.183,330.1,1,1,2015-10-19, 05:20,A,100,5.0       ,293.3,40.3
-16.244,-60.173,334.5,1,1,2015-10-19, 05:20,A,100,5.0       ,293.5,47.6
-16.973,-56.577,305.8,1.1,1.1,2015-10-19, 05:20,A,38,5.0       ,293.5,10
-18.176,-49,313.1,4.1,1.9,2015-10-19, 05:20,A,81,5.0       ,291,135.5
-18.18,-48.963,311.4,4.1,1.9,2015-10-19, 05:20,A,75,5.0       ,291.8,121.5
-18.181,-49.004,310.9,4.1,1.9,2015-10-19, 05:20,A,73,5.0       ,290.1,121.6
-18.184,-48.968,315.2,4.1,1.9,2015-10-19, 05:20,A,87,5.0       ,292.4,154.4
-16.178,-65.214,305.6,2.1,1.4,2015-10-19, 05:20,A,33,5.0       ,293.4,31.5
-18.021,-52.908,320.4,2.1,1.4,2015-10-19, 05:20,A,100,5.0       ,278.1,72.8
-18.023,-52.889,315.6,2.1,1.4,2015-10-19, 05:20,A,89,5.0       ,279.4,57.8
-17.119,-60.647,317.4,1.1,1,2015-10-19, 05:20,A,93,5.0       ,292,23.9
-17.121,-60.637,397,1.1,1,2015-10-19, 05:20,A,100,5.0       ,297.9,269.2
-17.122,-60.627,328.3,1.1,1,2015-10-19, 05:20,A,100,5.0       ,292.9,38.9
-17.13,-60.639,316.4,1.1,1,2015-10-19, 05:20,A,91,5.0       ,293.1,22.7
-17.48,-63.098,319.3,1.4,1.2,2015-10-19, 05:20,A,98,5.0       ,291.2,43.5
-18.027,-62.269,309.2,1.2,1.1,2015-10-19, 05:20,A,65,5.0       ,291.8,19.5
-19.337,-52.866,321.8,2.2,1.4,2015-10-19, 05:20,A,69,5.0       ,291.9,76
-19.34,-52.845,331.4,2.2,1.4,2015-10-19, 05:20,A,100,5.0       ,292.3,117.9
-19.335,-52.873,308.5,2.2,1.4,2015-10-19, 05:20,A,28,5.0       ,291.3,35.4
-19.338,-52.852,334.4,2.2,1.4,2015-10-19, 05:20,A,100,5.0       ,292.5,137
-19.34,-52.831,309.7,2.2,1.4,2015-10-19, 05:20,A,40,5.0       ,291.7,38.9
-19.35,-52.854,308.4,2.2,1.4,2015-10-19, 05:20,A,34,5.0       ,291.3,35.3
-18.889,-57.158,316.9,1.1,1.1,2015-10-19, 05:20,A,92,5.0       ,295.3,22
-18.89,-57.147,308.4,1.1,1.1,2015-10-19, 05:20,A,58,5.0       ,294.7,12.3
-18.894,-57.153,314.4,1.1,1.1,2015-10-19, 05:20,A,85,5.0       ,295.2,19.6
-18.901,-57.176,309.1,1.1,1.1,2015-10-19, 05:20,A,65,5.0       ,294.9,13.7
-18.373,-62.416,306.9,1.2,1.1,2015-10-19, 05:20,A,50,5.0       ,292,15.9
-20.202,-58.939,315.9,1,1,2015-10-19, 05:20,A,90,5.0       ,295.6,17.9
-21.938,-62.184,313.2,1.1,1,2015-10-19, 05:20,A,81,5.0       ,291.9,20.6
-24.749,-62.857,308.5,1.1,1,2015-10-19, 05:20,A,60,5.0       ,287.4,16.2
-24.751,-62.847,330.5,1.1,1,2015-10-19, 05:20,A,100,5.0       ,290.3,46.7
-24.76,-62.848,322,1.1,1,2015-10-19, 05:20,A,100,5.0       ,290.6,33
-25.856,-57.417,307.2,1.3,1.1,2015-10-19, 05:20,A,52,5.0       ,284.9,21
3.396,-51.245,306.1,1.3,1.1,2015-10-19, 05:15,A,41,5.0       ,292.6,16.5
1.2,-49.929,305.6,1.8,1.3,2015-10-19, 05:15,A,34,5.0       ,294.5,15.9
1.204,-49.934,305.7,1.8,1.3,2015-10-19, 05:15,A,36,5.0       ,294.5,17.2
-1.674,-50.493,307.8,1.8,1.3,2015-10-19, 05:15,A,57,5.0       ,294,24.6
-1.683,-53.76,312.5,1.1,1,2015-10-19, 05:15,A,79,5.0       ,294.3,15.2
-1.685,-53.75,315.3,1.1,1,2015-10-19, 05:15,A,88,5.0       ,294.5,18.6
-1.993,-52.047,307.9,1.4,1.2,2015-10-19, 05:15,A,57,5.0       ,293.6,16.1
-2.002,-52.061,313.4,1.4,1.2,2015-10-19, 05:15,A,82,5.0       ,294,23.4
-2.003,-52.048,324.6,1.4,1.2,2015-10-19, 05:15,A,100,5.0       ,294.7,44.8
-1.561,-55.784,307,1,1,2015-10-19, 05:15,A,51,5.0       ,293.9,8.7
-1.927,-56.618,306,1,1,2015-10-19, 05:15,A,39,5.0       ,292,7.8
-1.928,-56.609,340.5,1,1,2015-10-19, 05:15,A,100,5.0       ,293.5,54.5
-3.105,-50.35,327.6,1.9,1.4,2015-10-19, 05:15,A,100,5.0       ,293.4,88
-3.107,-50.333,312.9,1.9,1.4,2015-10-19, 05:15,A,80,5.0       ,293,39.9
-2.441,-56.254,332.6,1,1,2015-10-19, 05:15,A,100,5.0       ,295.1,38.5
-2.442,-56.245,345.3,1,1,2015-10-19, 05:15,A,100,5.0       ,295.8,61.3
-2.906,-54.149,307.3,1.1,1,2015-10-19, 05:15,A,53,5.0       ,294.8,10.2
-2.994,-54.498,307.1,1.1,1,2015-10-19, 05:15,A,51,5.0       ,294.3,9.8
-3.113,-54.69,315.4,1,1,2015-10-19, 05:15,A,88,5.0       ,294.8,17.9
-3.31,-53.334,305.8,1.2,1.1,2015-10-19, 05:15,A,37,5.0       ,293.9,11.1
-2.813,-57.162,310.8,1,1,2015-10-19, 05:15,A,73,5.0       ,295.5,11.4
-2.986,-57.172,311.6,1,1,2015-10-19, 05:15,A,76,5.0       ,294.9,11.6
-2.996,-57.23,305.5,1,1,2015-10-19, 05:15,A,31,5.0       ,294.8,6.4
-3.506,-53.95,305.7,1.1,1.1,2015-10-19, 05:15,A,36,5.0       ,294.6,9.2
-3.507,-53.94,306.9,1.1,1.1,2015-10-19, 05:15,A,49,5.0       ,294.5,10.6
-3.442,-54.894,308,1,1,2015-10-19, 05:15,A,58,5.0       ,291.9,10.9
-3.518,-54.807,308.9,1,1,2015-10-19, 05:15,A,63,5.0       ,292,11.7
-3.566,-54.671,311.6,1.1,1,2015-10-19, 05:15,A,76,5.0       ,293.8,14.1
-3.596,-54.463,322.6,1.1,1,2015-10-19, 05:15,A,100,5.0       ,295.1,27.2
-3.598,-54.454,343.4,1.1,1,2015-10-19, 05:15,A,100,5.0       ,296.9,63.6
-3.599,-54.444,311.9,1.1,1,2015-10-19, 05:15,A,77,5.0       ,295.4,13.8
-3.606,-54.464,347.1,1.1,1,2015-10-19, 05:15,A,100,5.0       ,297.2,71.5
-3.607,-54.455,374.4,1.1,1,2015-10-19, 05:15,A,100,5.0       ,302.3,155.7
-3.608,-54.445,332.6,1.1,1,2015-10-19, 05:15,A,100,5.0       ,297.6,42.3
-3.615,-54.466,319.5,1.1,1,2015-10-19, 05:15,A,98,5.0       ,295.9,22.6
-3.616,-54.456,348.2,1.1,1,2015-10-19, 05:15,A,100,5.0       ,297.3,74.1
-3.618,-54.447,317.8,1.1,1,2015-10-19, 05:15,A,94,5.0       ,295.5,20.5
-3.567,-55.426,313.3,1,1,2015-10-19, 05:15,A,82,5.0       ,293.7,14.8
-3.019,-59.2,312.1,1.3,1.1,2015-10-19, 05:15,A,78,5.0       ,295.4,17.9
-3.029,-59.202,305.4,1.3,1.1,2015-10-19, 05:15,A,21,5.0       ,295.4,8.5
-3.031,-59.19,305.3,1.3,1.1,2015-10-19, 05:15,A,15,5.0       ,294.9,8.7
-3.745,-54.642,309.3,1.1,1,2015-10-19, 05:15,A,66,5.0       ,294.5,11.7
-4.857,-48.483,318.5,2.9,1.6,2015-10-19, 05:15,A,96,5.0       ,290.2,103.2
-4.872,-48.485,327,2.9,1.6,2015-10-19, 05:15,A,100,5.0       ,290.3,153.5
-4.86,-48.489,330.7,2.9,1.6,2015-10-19, 05:15,A,100,5.0       ,290.5,179.5
-4.863,-48.462,311.1,2.9,1.6,2015-10-19, 05:15,A,73,5.0       ,288.6,69.2
-4.116,-54.12,306.9,1.1,1.1,2015-10-19, 05:15,A,50,5.0       ,294.6,9.7
-4.117,-54.613,322.3,1.1,1,2015-10-19, 05:15,A,100,5.0       ,294.1,27.7
-4.119,-54.604,335.3,1.1,1,2015-10-19, 05:15,A,100,5.0       ,295.1,48.4
-3.46,-59.519,306.7,1.3,1.1,2015-10-19, 05:15,A,48,5.0       ,294.6,12.8
-3.462,-59.581,311.4,1.4,1.2,2015-10-19, 05:15,A,75,5.0       ,293.4,20.3
-3.463,-59.569,323.3,1.4,1.2,2015-10-19, 05:15,A,100,5.0       ,294.7,41.2
-3.647,-58.554,310.2,1.2,1.1,2015-10-19, 05:15,A,70,5.0       ,294.8,13.7
-3.657,-58.556,332.2,1.2,1.1,2015-10-19, 05:15,A,100,5.0       ,295.6,47.6
-3.659,-58.545,313.9,1.2,1.1,2015-10-19, 05:15,A,84,5.0       ,294.6,17.9
-5.161,-49.682,305.1,2.3,1.5,2015-10-19, 05:15,A,19,5.0       ,292.3,28.8
-3.838,-58.918,305.7,1.2,1.1,2015-10-19, 05:15,A,9,5.0       ,294.8,8
-3.84,-58.907,309.9,1.2,1.1,2015-10-19, 05:15,A,55,5.0       ,295.3,12.8
-5.435,-49.026,309.9,2.7,1.6,2015-10-19, 05:15,A,69,5.0       ,291.9,49.3
-5.425,-49.032,312,2.7,1.6,2015-10-19, 05:15,A,77,5.0       ,292.2,59.3
-4.625,-55.871,307.6,1,1,2015-10-19, 05:15,A,55,5.0       ,293.4,9.1
-4.627,-55.862,311.6,1,1,2015-10-19, 05:15,A,75,5.0       ,293.7,12.9
-4.196,-59.942,311.1,1.4,1.2,2015-10-19, 05:15,A,74,5.0       ,295.4,18.6
-6.572,-51.095,308.3,1.9,1.3,2015-10-19, 05:15,A,60,5.0       ,293.7,28
-6.519,-51.719,305.3,1.7,1.3,2015-10-19, 05:15,A,27,5.0       ,293.5,16
-6.623,-60.043,307.3,1.3,1.1,2015-10-19, 05:15,A,53,5.0       ,294.8,13.2
-9.231,-60.861,308.4,1.4,1.2,2015-10-19, 05:15,A,61,5.0       ,294.5,15.4
-9.228,-60.854,307.9,1.4,1.2,2015-10-19, 05:15,A,57,5.0       ,294.4,14.4
-10.368,-53.485,307.2,1.4,1.2,2015-10-19, 05:15,A,52,5.0       ,294.4,16.9
-9.067,-62.499,306.4,1.8,1.3,2015-10-19, 05:15,A,45,5.0       ,291.5,19.8
-10.821,-51.034,306.9,2.2,1.5,2015-10-19, 05:15,A,49,5.0       ,294.9,31.1
-11.107,-49.753,305.5,2.9,1.6,2015-10-19, 05:15,A,25,5.0       ,294.2,37.3
-11.149,-49.659,305.2,2.9,1.6,2015-10-19, 05:15,A,12,5.0       ,293.6,39.5
-11.443,-50.724,307,2.4,1.5,2015-10-19, 05:15,A,50,5.0       ,296.5,31.9
-11.546,-50.341,314.1,2.6,1.6,2015-10-19, 05:15,A,70,5.0       ,295.3,59.4
-11.549,-50.318,321.2,2.6,1.6,2015-10-19, 05:15,A,100,5.0       ,296.3,93.3
-11.538,-50.346,307.2,2.6,1.6,2015-10-19, 05:15,A,9,5.0       ,294.9,33.6
-11.541,-50.322,307.2,2.6,1.6,2015-10-19, 05:15,A,6,5.0       ,295.2,33.9
-11.555,-50.324,320.6,2.6,1.6,2015-10-19, 05:15,A,100,5.0       ,296.3,88.9
-10.685,-57.62,307.8,1,1,2015-10-19, 05:15,A,51,5.0       ,294,8.7
-10.686,-57.611,318.8,1,1,2015-10-19, 05:15,A,97,5.0       ,295.1,19.9
-10.688,-57.602,312.3,1,1,2015-10-19, 05:15,A,70,5.0       ,294.9,12.5
-10.695,-57.612,316.6,1,1,2015-10-19, 05:15,A,91,5.0       ,294.7,17.6
-11.252,-53.81,328.5,1.4,1.2,2015-10-19, 05:15,A,100,5.0       ,293.4,55.8
-11.253,-53.797,340.8,1.4,1.2,2015-10-19, 05:15,A,100,5.0       ,293.5,89.4
-11.255,-53.784,318.8,1.4,1.2,2015-10-19, 05:15,A,97,5.0       ,288.7,36.2
-11.262,-53.812,312.8,1.4,1.2,2015-10-19, 05:15,A,80,5.0       ,291.7,24.5
-11.264,-53.799,318.8,1.4,1.2,2015-10-19, 05:15,A,97,5.0       ,293.1,35.2
-10.824,-57.681,320.4,1,1,2015-10-19, 05:15,A,100,5.0       ,295,22.3
-11.66,-54.468,305.3,1.3,1.1,2015-10-19, 05:15,A,21,5.0       ,282.5,16.4
-11.775,-56.004,324.2,1.1,1,2015-10-19, 05:15,A,100,5.0       ,284.3,37.5
-11.776,-55.994,314.7,1.1,1,2015-10-19, 05:15,A,64,5.0       ,280.7,25
-11.783,-56.015,316.3,1.1,1,2015-10-19, 05:15,A,70,5.0       ,289,24.1
-11.784,-56.005,330.2,1.1,1,2015-10-19, 05:15,A,100,5.0       ,289.9,44.1
-11.786,-55.995,324.2,1.1,1,2015-10-19, 05:15,A,87,5.0       ,288.4,35.2
-11.638,-58.462,305.5,1,1,2015-10-19, 05:15,A,33,5.0       ,287.4,9.5
-11.866,-56.905,305.7,1,1,2015-10-19, 05:15,A,34,5.0       ,287.1,9.2
-11.919,-56.856,308.8,1,1,2015-10-19, 05:15,A,62,5.0       ,279.8,13.1
-10.681,-65.142,310.1,2.7,1.6,2015-10-19, 05:15,A,69,5.0       ,290.5,54.4
-13.116,-50.953,309.7,2.5,1.5,2015-10-19, 05:15,A,68,5.0       ,296,41.3
-13.223,-50.926,310.3,2.5,1.5,2015-10-19, 05:15,A,70,5.0       ,296.1,42.5
-13.226,-50.903,311.1,2.5,1.5,2015-10-19, 05:15,A,73,5.0       ,295.9,45.1
-13.267,-50.908,310,2.5,1.5,2015-10-19, 05:15,A,52,5.0       ,296.7,35.5
-13.281,-50.91,343.4,2.5,1.5,2015-10-19, 05:15,A,100,5.0       ,298.4,214.3
-13.284,-50.887,320,2.5,1.5,2015-10-19, 05:15,A,100,5.0       ,297.6,77.8
-13.295,-50.911,331.6,2.5,1.5,2015-10-19, 05:15,A,100,5.0       ,297.7,134.9
-13.297,-50.888,310.9,2.5,1.5,2015-10-19, 05:15,A,44,5.0       ,297.7,38.9
9.75,-63.464,305.3,4.4,1.9,2015-10-19, 05:10,A,25,5.0       ,288.2,78.8
9.75,-63.472,310.3,4.4,1.9,2015-10-19, 05:10,A,70,5.0       ,288.5,118.2
9.657,-63.609,328.8,4.5,2,2015-10-19, 05:10,A,100,5.0       ,283.9,314
9.652,-63.569,309.9,4.5,1.9,2015-10-19, 05:10,A,52,5.0       ,280.4,117.4
9.658,-63.617,324.8,4.5,2,2015-10-19, 05:10,A,80,5.0       ,285.3,255.2
-13.275,-50.914,326.3,2.5,1.5,2015-10-19, 05:20,A,100,5.0       ,297.1,102.8
-13.277,-50.891,320,2.5,1.5,2015-10-19, 05:20,A,99,5.0       ,297.5,74.7
-13.288,-50.916,337.9,2.5,1.5,2015-10-19, 05:20,A,100,5.0       ,297.8,171
-13.291,-50.893,328.7,2.5,1.5,2015-10-19, 05:20,A,100,5.0       ,298.7,116.9
-12.593,-56.452,311.6,1.1,1,2015-10-19, 05:20,A,76,5.0       ,281.6,17.8
-12.822,-54.851,307,1.3,1.1,2015-10-19, 05:20,A,51,5.0       ,292.3,14.1
-13.313,-50.942,308.4,2.5,1.5,2015-10-19, 05:20,A,23,5.0       ,297,31
-13.316,-50.919,308,2.5,1.5,2015-10-19, 05:20,A,23,5.0       ,297.4,27.7
-13.189,-52.622,306.3,1.8,1.3,2015-10-19, 05:20,A,43,5.0       ,295.1,21.3
-13.465,-50.779,312.3,2.6,1.5,2015-10-19, 05:20,A,78,5.0       ,296,56.5
-14.2,-47.966,307.7,4.3,1.9,2015-10-19, 05:20,A,56,5.0       ,294.7,81.2
-14.24,-48.088,305.6,4.3,1.9,2015-10-19, 05:20,A,34,5.0       ,295.2,59.9
-14.201,-47.974,309.8,4.3,1.9,2015-10-19, 05:20,A,59,5.0       ,295.3,92.9
-13.202,-56.554,311.5,1.1,1,2015-10-19, 05:20,A,75,5.0       ,274.5,19.9
-14.241,-48.097,308.7,4.3,1.9,2015-10-19, 05:20,A,62,5.0       ,295.4,82.9
-13.906,-51.309,312.4,2.4,1.5,2015-10-19, 05:20,A,79,5.0       ,298.2,47.1
-13.919,-51.31,312.5,2.4,1.5,2015-10-19, 05:20,A,79,5.0       ,297.8,47.4
-13.264,-57.298,317,1,1,2015-10-19, 05:20,A,92,5.0       ,286.1,21.2
-13.265,-57.289,323.4,1,1,2015-10-19, 05:20,A,100,5.0       ,287.6,28.9
-13.327,-57.557,306.4,1,1,2015-10-19, 05:20,A,45,5.0       ,293.1,9.6
-13.714,-56.069,312.3,1.1,1.1,2015-10-19, 05:20,A,78,5.0       ,291,18.7
-14.804,-48.042,306.7,4.4,1.9,2015-10-19, 05:20,A,47,5.0       ,291.7,95.1
-12.849,-63.828,311,1.9,1.4,2015-10-19, 05:20,A,73,5.0       ,292.5,33.6
-13.311,-64.517,305.3,2.1,1.4,2015-10-19, 05:20,A,27,5.0       ,291.6,30.4
-14.436,-60.054,310.1,1.1,1,2015-10-19, 05:20,A,69,5.0       ,292.1,12.2
-14.438,-60.044,305.9,1.1,1,2015-10-19, 05:20,A,28,5.0       ,292.5,7.9
-14.677,-59.994,306.7,1.1,1,2015-10-19, 05:20,A,48,5.0       ,291,9.3
-14.81,-60.454,327.1,1.1,1,2015-10-19, 05:20,A,100,5.0       ,291.2,36.4
-14.811,-60.444,325.3,1.1,1,2015-10-19, 05:20,A,100,5.0       ,291,34
-13.084,-50.92,311.3,2.5,1.5,2015-10-19, 05:15,A,74,5.0       ,296.3,46.5
-12.586,-54.859,311.2,1.3,1.1,2015-10-19, 05:15,A,74,5.0       ,292.7,19.1
-13.103,-50.991,307.8,2.4,1.5,2015-10-19, 05:15,A,29,5.0       ,295.5,31.4
-13.106,-50.969,313.4,2.5,1.5,2015-10-19, 05:15,A,82,5.0       ,296.1,52.4
-13.078,-50.925,309.5,2.5,1.5,2015-10-19, 05:15,A,67,5.0       ,295.8,39.5
-13.1,-50.973,314.5,2.5,1.5,2015-10-19, 05:15,A,85,5.0       ,295.9,56
11.736,-70.189,307.3,2.5,1.5,2015-10-19, 06:50,A,53,5.0       ,296.1,29.9
