latitude,longitude,brightness,scan,track,acq_date,acq_time,satellite,confidence,version,bright_t31,frp
-17.716,-39.967,317.8,1.1,1,2015-11-30, 01:10,T,94,5.0       ,293.8,21.8
-16.127,-40.909,312.3,1.1,1.1,2015-11-30, 01:10,T,78,5.0       ,291.5,18.2
-15.276,-41.796,306,1.2,1.1,2015-11-30, 01:15,T,40,5.0       ,291.1,12.4
-13.723,-39.906,308.3,1,1,2015-11-30, 01:15,T,60,5.0       ,290,13
-12.6,-40.939,313.7,1.1,1,2015-11-30, 01:15,T,83,5.0       ,294.2,17.2
-12.049,-40.824,321.8,1,1,2015-11-30, 01:15,T,100,5.0       ,294.2,26.7
-12.051,-40.834,309.4,1,1,2015-11-30, 01:15,T,66,5.0       ,293.2,12.4
-10.685,-37.075,309.7,1.2,1.1,2015-11-30, 01:15,T,67,5.0       ,294.1,16.1
-10.686,-37.086,313,1.2,1.1,2015-11-30, 01:15,T,80,5.0       ,294.1,20.7
-9.071,-35.296,324.6,1.7,1.3,2015-11-30, 01:15,T,100,5.0       ,295.3,61.8
-7.81,-35.028,305.3,1.9,1.3,2015-11-30, 01:15,T,26,5.0       ,292.5,22.2
-7.894,-38.038,324.5,1.2,1.1,2015-11-30, 01:15,T,100,5.0       ,299.5,31.1
-7.896,-38.049,315.4,1.2,1.1,2015-11-30, 01:15,T,88,5.0       ,298.8,17.6
-7.883,-38.029,309.5,1.2,1.1,2015-11-30, 01:15,T,66,5.0       ,298.3,10.7
-7.885,-38.04,315.4,1.2,1.1,2015-11-30, 01:15,T,88,5.0       ,298.8,18
-6.917,-35.113,324.3,1.9,1.3,2015-11-30, 01:15,T,100,5.0       ,292,77.5
-6.92,-35.13,314,1.9,1.3,2015-11-30, 01:15,T,84,5.0       ,290.5,46
-7.337,-38.229,310,1.2,1.1,2015-11-30, 01:15,T,69,5.0       ,299.3,11.5
-6.979,-38.693,329.4,1.1,1,2015-11-30, 01:15,T,100,5.0       ,300.8,37.1
-6.981,-38.702,315.4,1.1,1,2015-11-30, 01:15,T,88,5.0       ,299.7,16.5
-5.249,-37.512,322.9,1.4,1.2,2015-11-30, 01:15,T,100,5.0       ,297.6,38.2
-6.013,-43.124,308.3,1.1,1.1,2015-11-30, 01:15,T,60,5.0       ,298.1,9.7
-5.759,-42.041,318.4,1,1,2015-11-30, 01:15,T,96,5.0       ,299.8,19
-5.894,-43.563,316.8,1.2,1.1,2015-11-30, 01:15,T,92,5.0       ,296.1,24.3
-5.892,-43.569,314.1,1.2,1.1,2015-11-30, 01:15,T,84,5.0       ,296,20.2
-5.525,-41.11,316.9,1,1,2015-11-30, 01:15,T,92,5.0       ,296.1,18.4
-5.527,-41.118,321.3,1,1,2015-11-30, 01:15,T,100,5.0       ,295.6,23
-5.518,-41.12,307.4,1,1,2015-11-30, 01:15,T,54,5.0       ,295.3,9.2
-5.953,-45.385,307.4,1.6,1.2,2015-11-30, 01:15,T,54,5.0       ,295.4,17.7
-5.402,-43.701,323.1,1.2,1.1,2015-11-30, 01:15,T,100,5.0       ,298.2,33.7
-5.403,-43.712,328.6,1.2,1.1,2015-11-30, 01:15,T,100,5.0       ,299,43.5
-5.392,-43.703,308.1,1.2,1.1,2015-11-30, 01:15,T,59,5.0       ,296.6,12.5
-5.394,-43.713,340.2,1.2,1.1,2015-11-30, 01:15,T,100,5.0       ,298.6,68.9
-5.395,-43.724,314.8,1.2,1.1,2015-11-30, 01:15,T,86,5.0       ,295.6,21.5
-5.266,-43.247,309.6,1.1,1.1,2015-11-30, 01:15,T,67,5.0       ,296.7,12.7
-5.135,-42.382,319.4,1,1,2015-11-30, 01:15,T,98,5.0       ,299.7,20.1
-5.281,-43.422,310.2,1.2,1.1,2015-11-30, 01:15,T,46,5.0       ,297.8,10.8
-5.283,-43.433,320.5,1.2,1.1,2015-11-30, 01:15,T,100,5.0       ,298.4,24.8
-5.272,-43.424,316.4,1.2,1.1,2015-11-30, 01:15,T,91,5.0       ,297.8,19.5
-5.184,-43.316,324.3,1.1,1.1,2015-11-30, 01:15,T,100,5.0       ,298.4,31.3
-5.186,-43.327,311.3,1.1,1.1,2015-11-30, 01:15,T,74,5.0       ,297.9,13.2
-5.409,-46.023,307.3,1.7,1.3,2015-11-30, 01:15,T,53,5.0       ,295.3,17.2
-5.401,-46.03,306.3,1.7,1.3,2015-11-30, 01:15,T,44,5.0       ,294.8,14.8
-5.092,-45.097,310.6,1.5,1.2,2015-11-30, 01:15,T,71,5.0       ,296.2,16.4
-5.093,-45.11,318.3,1.5,1.2,2015-11-30, 01:15,T,96,5.0       ,296.3,30.9
-4.965,-44.159,307.8,1.3,1.1,2015-11-30, 01:15,T,57,5.0       ,296.8,9.9
-5.088,-45.103,320.7,1.5,1.2,2015-11-30, 01:15,T,100,5.0       ,296.4,36.3
-4.992,-45.07,311,1.4,1.2,2015-11-30, 01:15,T,73,5.0       ,295.9,17.7
-5.152,-46.659,306.4,1.9,1.4,2015-11-30, 01:15,T,24,5.0       ,295.3,16.3
-5.527,-49.505,306.3,3.3,1.7,2015-11-30, 01:15,T,43,5.0       ,291.8,46.6
-5.14,-46.661,307.1,1.9,1.4,2015-11-30, 01:15,T,46,5.0       ,295.1,18.4
-5.142,-46.678,305.6,1.9,1.4,2015-11-30, 01:15,T,14,5.0       ,295.1,15.1
-4.963,-45.763,316.5,1.6,1.3,2015-11-30, 01:15,T,91,5.0       ,296.3,33.9
-4.485,-42.921,309.1,1.1,1,2015-11-30, 01:15,T,64,5.0       ,298.6,8.7
-4.79,-45.097,305.6,1.4,1.2,2015-11-30, 01:15,T,34,5.0       ,295.5,9.5
-4.492,-43.384,314.4,1.1,1.1,2015-11-30, 01:15,T,85,5.0       ,298.4,15.1
-4.487,-43.381,312.1,1.1,1.1,2015-11-30, 01:15,T,78,5.0       ,298.4,12.8
-4.493,-43.421,310.9,1.1,1.1,2015-11-30, 01:15,T,73,5.0       ,298.3,11.3
-4.791,-45.681,310.6,1.6,1.2,2015-11-30, 01:15,T,71,5.0       ,295.1,21.2
-4.793,-45.695,320.3,1.6,1.2,2015-11-30, 01:15,T,100,5.0       ,295.2,42.5
-4.78,-45.683,312.4,1.6,1.2,2015-11-30, 01:15,T,79,5.0       ,295,24.9
-4.782,-45.697,319.2,1.6,1.2,2015-11-30, 01:15,T,98,5.0       ,294.8,40
-4.516,-43.865,335.6,1.2,1.1,2015-11-30, 01:15,T,100,5.0       ,298.5,54
-4.844,-46.236,307.2,1.8,1.3,2015-11-30, 01:15,T,16,5.0       ,295.5,15.6
-3.447,-43.895,305.7,1.2,1.1,2015-11-30, 01:15,T,35,5.0       ,295.2,8
-3.812,-46.629,310.6,1.8,1.3,2015-11-30, 01:15,T,71,5.0       ,294.7,25.4
-3.112,-41.733,310,1,1,2015-11-30, 01:15,T,69,5.0       ,296.5,10.7
-3.832,-46.95,308.7,1.9,1.4,2015-11-30, 01:15,T,57,5.0       ,294.8,20.1
-3.834,-46.967,326.4,1.9,1.4,2015-11-30, 01:15,T,100,5.0       ,296.1,72.3
-3.837,-46.984,314,1.9,1.4,2015-11-30, 01:15,T,84,5.0       ,295.4,33.1
-3.822,-46.969,319.7,1.9,1.4,2015-11-30, 01:15,T,99,5.0       ,295.3,47.8
-3.824,-46.986,315.6,1.9,1.4,2015-11-30, 01:15,T,83,5.0       ,295,36.3
-3.81,-46.97,308.9,1.9,1.4,2015-11-30, 01:15,T,31,5.0       ,294.9,19.1
-3.798,-46.972,306.9,1.9,1.4,2015-11-30, 01:15,T,22,5.0       ,294.7,15.7
-3.806,-46.977,307.2,1.9,1.4,2015-11-30, 01:15,T,13,5.0       ,294.8,15.8
-3.759,-47.178,313.2,2,1.4,2015-11-30, 01:15,T,81,5.0       ,295.8,33.8
-3.747,-47.18,312.3,2,1.4,2015-11-30, 01:15,T,78,5.0       ,295.7,30.5
-3.749,-47.198,312.9,2,1.4,2015-11-30, 01:15,T,80,5.0       ,295.6,32.5
-3.85,-47.944,307.5,2.3,1.5,2015-11-30, 01:15,T,55,5.0       ,294,31
-3.715,-47.131,305.7,2,1.4,2015-11-30, 01:15,T,13,5.0       ,294.7,14.8
-3.718,-47.148,311.5,2,1.4,2015-11-30, 01:15,T,75,5.0       ,295.3,28.6
-3.744,-47.187,315.3,2,1.4,2015-11-30, 01:15,T,88,5.0       ,295.8,38.6
-3.747,-47.205,306,2,1.4,2015-11-30, 01:15,T,2,5.0       ,295.1,14.9
-3.853,-47.95,307.5,2.3,1.5,2015-11-30, 01:15,T,55,5.0       ,294,29.3
-3.712,-47.138,314.7,2,1.4,2015-11-30, 01:15,T,86,5.0       ,295.3,38.5
-2.962,-42.234,308.6,1,1,2015-11-30, 01:15,T,61,5.0       ,296.9,9.2
-3.448,-45.741,327.9,1.5,1.2,2015-11-30, 01:15,T,100,5.0       ,295,57
-3.437,-45.743,329.4,1.5,1.2,2015-11-30, 01:15,T,100,5.0       ,294.9,61.3
-3.693,-47.647,307,2.2,1.4,2015-11-30, 01:15,T,46,5.0       ,294.2,24
-3.445,-45.734,324.5,1.5,1.2,2015-11-30, 01:15,T,100,5.0       ,294.8,48.4
-3.447,-45.747,326.7,1.5,1.2,2015-11-30, 01:15,T,100,5.0       ,295,54.1
-3.184,-46.576,307.2,1.8,1.3,2015-11-30, 01:15,T,37,5.0       ,294.9,13.7
-3.188,-46.581,308.6,1.8,1.3,2015-11-30, 01:15,T,62,5.0       ,295,17.2
-3.091,-47.066,307,1.9,1.3,2015-11-30, 01:15,T,9,5.0       ,295.1,14
-2.917,-45.88,310.6,1.5,1.2,2015-11-30, 01:15,T,72,5.0       ,294.5,20.1
-3.081,-47.085,308.7,1.9,1.4,2015-11-30, 01:15,T,55,5.0       ,294.9,19.2
-2.916,-45.886,306.5,1.5,1.2,2015-11-30, 01:15,T,46,5.0       ,294.4,12.8
-3.087,-47.072,310,1.9,1.3,2015-11-30, 01:15,T,63,5.0       ,295.2,21.2
-2.971,-46.769,306.6,1.8,1.3,2015-11-30, 01:15,T,47,5.0       ,293.7,15.7
-3.499,-50.645,305.6,3.7,1.8,2015-11-30, 01:15,T,34,5.0       ,293,51.1
-3.492,-50.653,305.7,3.7,1.8,2015-11-30, 01:15,T,35,5.0       ,293,52.2
-2.91,-46.817,321.4,1.8,1.3,2015-11-30, 01:15,T,100,5.0       ,294.6,52.5
-2.905,-46.867,307,1.8,1.3,2015-11-30, 01:15,T,31,5.0       ,294.7,14.2
-2.838,-46.703,306,1.8,1.3,2015-11-30, 01:15,T,41,5.0       ,294.2,13.3
-2.859,-46.846,309.4,1.8,1.3,2015-11-30, 01:15,T,59,5.0       ,294.3,19.4
-2.819,-46.819,305.5,1.8,1.3,2015-11-30, 01:15,T,33,5.0       ,294.3,13.2
-2.995,-48.081,312.2,2.3,1.5,2015-11-30, 01:15,T,78,5.0       ,294.8,38.3
-2.561,-45.21,315.8,1.4,1.2,2015-11-30, 01:15,T,89,5.0       ,294,27.5
-2.588,-45.408,321.7,1.4,1.2,2015-11-30, 01:15,T,100,5.0       ,294.4,40
-2.59,-45.421,308.3,1.4,1.2,2015-11-30, 01:15,T,60,5.0       ,294.2,16.1
-2.664,-46.118,308.6,1.6,1.2,2015-11-30, 01:15,T,36,5.0       ,295.1,14.6
-2.664,-46.124,310.4,1.6,1.2,2015-11-30, 01:15,T,71,5.0       ,295.1,18.6
-2.747,-46.706,305.4,1.8,1.3,2015-11-30, 01:15,T,30,5.0       ,294.5,12.1
-2.654,-46.952,306.9,1.8,1.3,2015-11-30, 01:15,T,49,5.0       ,294.5,15.4
-2.645,-46.97,314.3,1.8,1.3,2015-11-30, 01:15,T,84,5.0       ,294.9,30.1
-2.647,-46.987,314.3,1.9,1.3,2015-11-30, 01:15,T,85,5.0       ,294.8,31.1
-2.954,-49.198,307.8,2.8,1.6,2015-11-30, 01:15,T,57,5.0       ,294.1,36
-2.957,-49.223,308,2.8,1.6,2015-11-30, 01:15,T,58,5.0       ,294.2,36.6
-3.312,-51.813,306.9,4.6,2,2015-11-30, 01:15,T,50,5.0       ,292.7,78.1
-2.633,-46.972,317.3,1.8,1.3,2015-11-30, 01:15,T,93,5.0       ,294.7,37.9
-2.635,-46.989,333,1.9,1.3,2015-11-30, 01:15,T,100,5.0       ,295.4,91.6
-2.647,-47.072,314.9,1.9,1.3,2015-11-30, 01:15,T,87,5.0       ,295.1,33.8
-2.649,-47.089,321.5,1.9,1.3,2015-11-30, 01:15,T,100,5.0       ,295.1,53.1
-2.906,-48.957,305.2,2.7,1.6,2015-11-30, 01:15,T,22,5.0       ,294.1,26.2
-2.909,-48.98,329,2.7,1.6,2015-11-30, 01:15,T,100,5.0       ,294.3,140.3
-2.612,-46.909,312,1.8,1.3,2015-11-30, 01:15,T,77,5.0       ,294.6,27.1
-2.617,-46.941,338.7,1.8,1.3,2015-11-30, 01:15,T,100,5.0       ,295.4,114.8
-2.619,-46.958,326.4,1.8,1.3,2015-11-30, 01:15,T,100,5.0       ,294.6,68.3
-2.635,-47.073,309.9,1.9,1.3,2015-11-30, 01:15,T,68,5.0       ,294.7,22.7
-2.637,-47.09,309.9,1.9,1.3,2015-11-30, 01:15,T,69,5.0       ,294.5,23.3
-2.605,-46.943,323.4,1.8,1.3,2015-11-30, 01:15,T,100,5.0       ,294.5,58.2
-2.607,-46.96,314.4,1.8,1.3,2015-11-30, 01:15,T,85,5.0       ,294.3,33
-2.495,-46.226,305.2,1.6,1.2,2015-11-30, 01:15,T,17,5.0       ,294.4,10.7
-2.606,-46.916,314.4,1.8,1.3,2015-11-30, 01:15,T,85,5.0       ,294.6,33.1
-2.611,-46.949,347.7,1.8,1.3,2015-11-30, 01:15,T,100,5.0       ,295.6,157.6
-2.902,-48.964,307.2,2.7,1.6,2015-11-30, 01:15,T,53,5.0       ,294.1,33.2
-2.905,-48.988,311.6,2.7,1.6,2015-11-30, 01:15,T,76,5.0       ,294,50.6
-3.311,-51.82,308,4.6,2,2015-11-30, 01:15,T,58,5.0       ,292.7,83.7
-2.491,-46.277,323.2,1.6,1.3,2015-11-30, 01:15,T,100,5.0       ,295.7,49.8
-2.493,-46.292,318.3,1.6,1.3,2015-11-30, 01:15,T,96,5.0       ,295.2,37.8
-2.477,-46.265,308,1.6,1.3,2015-11-30, 01:15,T,58,5.0       ,294.6,16.5
-2.479,-46.279,310.8,1.6,1.3,2015-11-30, 01:15,T,73,5.0       ,294.6,22.5
-2.556,-46.99,318.7,1.8,1.3,2015-11-30, 01:15,T,96,5.0       ,294.6,45.2
-2.544,-46.992,305.1,1.8,1.3,2015-11-30, 01:15,T,9,5.0       ,294.3,12.4
-2.534,-47.01,306.1,1.9,1.3,2015-11-30, 01:15,T,17,5.0       ,294.5,14.5
-2.621,-47.638,333.5,2.1,1.4,2015-11-30, 01:15,T,100,5.0       ,294.8,114.1
-2.623,-47.657,305.6,2.1,1.4,2015-11-30, 01:15,T,34,5.0       ,294.2,16.5
-2.608,-47.64,328.6,2.1,1.4,2015-11-30, 01:15,T,100,5.0       ,294.4,92
-2.674,-48.124,306.7,2.3,1.5,2015-11-30, 01:15,T,48,5.0       ,294.2,20.8
-2.637,-47.946,312,2.2,1.4,2015-11-30, 01:15,T,77,5.0       ,294.5,32.8
-2.639,-47.966,309.3,2.2,1.4,2015-11-30, 01:15,T,66,5.0       ,294.3,25.2
-2.617,-47.625,315.5,2.1,1.4,2015-11-30, 01:15,T,88,5.0       ,294.3,43.6
-2.62,-47.644,329.1,2.1,1.4,2015-11-30, 01:15,T,100,5.0       ,294.8,93.3
-2.607,-47.645,314.1,2.1,1.4,2015-11-30, 01:15,T,84,5.0       ,294.1,40
-2.677,-48.129,307.6,2.3,1.5,2015-11-30, 01:15,T,55,5.0       ,294.3,24.1
-2.524,-47.153,308.5,1.9,1.3,2015-11-30, 01:15,T,61,5.0       ,294.2,23.4
-2.638,-47.951,313.1,2.2,1.4,2015-11-30, 01:15,T,81,5.0       ,294.6,38
-2.415,-46.474,309.1,1.7,1.3,2015-11-30, 01:15,T,65,5.0       ,294.9,19.7
-2.33,-45.949,308.2,1.5,1.2,2015-11-30, 01:15,T,59,5.0       ,294.5,17.5
-2.385,-46.343,308.6,1.6,1.3,2015-11-30, 01:15,T,38,5.0       ,294.7,16.5
-2.684,-48.468,305.6,2.4,1.5,2015-11-30, 01:15,T,34,5.0       ,293.2,25.1
-2.4,-46.614,312.4,1.7,1.3,2015-11-30, 01:15,T,42,5.0       ,295.7,22.6
-2.603,-48.077,315.1,2.3,1.5,2015-11-30, 01:15,T,87,5.0       ,294.3,48
-2.606,-48.098,305.5,2.3,1.5,2015-11-30, 01:15,T,32,5.0       ,293.8,18.1
-2.363,-46.512,321.9,1.7,1.3,2015-11-30, 01:15,T,100,5.0       ,295.2,48
-2.377,-46.617,333.3,1.7,1.3,2015-11-30, 01:15,T,100,5.0       ,296.6,80.3
-2.347,-46.483,311.6,1.7,1.3,2015-11-30, 01:15,T,30,5.0       ,295,20.8
-2.363,-46.503,313.2,1.7,1.3,2015-11-30, 01:15,T,51,5.0       ,295,24.3
-2.365,-46.518,312.9,1.7,1.3,2015-11-30, 01:15,T,80,5.0       ,295,24.3
-2.378,-46.608,318.9,1.7,1.3,2015-11-30, 01:15,T,97,5.0       ,296.1,38.2
-2.38,-46.623,320.8,1.7,1.3,2015-11-30, 01:15,T,100,5.0       ,296,42.5
-2.347,-46.474,309.4,1.7,1.3,2015-11-30, 01:15,T,40,5.0       ,294.9,17.5
-2.349,-46.489,311.1,1.7,1.3,2015-11-30, 01:15,T,6,5.0       ,295,19.2
-2.366,-46.61,312.6,1.7,1.3,2015-11-30, 01:15,T,79,5.0       ,295.6,25.1
-2.369,-46.625,312.7,1.7,1.3,2015-11-30, 01:15,T,68,5.0       ,295.5,24.2
-2.34,-46.506,308,1.7,1.3,2015-11-30, 01:15,T,13,5.0       ,294.8,14.6
-2.342,-46.521,314.3,1.7,1.3,2015-11-30, 01:15,T,85,5.0       ,295.2,28.3
-2.377,-46.766,312.3,1.8,1.3,2015-11-30, 01:15,T,78,5.0       ,295.5,24.9
-2.328,-46.507,312.2,1.7,1.3,2015-11-30, 01:15,T,74,5.0       ,295.2,23.4
-2.331,-46.522,309.6,1.7,1.3,2015-11-30, 01:15,T,67,5.0       ,295.2,19
-2.272,-46.35,305.8,1.6,1.3,2015-11-30, 01:15,T,37,5.0       ,294.6,13.7
-2.288,-46.468,320.6,1.7,1.3,2015-11-30, 01:15,T,100,5.0       ,295.6,43.1
-2.283,-46.514,306,1.7,1.3,2015-11-30, 01:15,T,40,5.0       ,295.1,12.4
-2.265,-46.471,307.6,1.7,1.3,2015-11-30, 01:15,T,55,5.0       ,294.9,14.9
-2.267,-46.476,305.7,1.7,1.3,2015-11-30, 01:15,T,24,5.0       ,295,11.4
-2.329,-47.073,305.1,1.9,1.3,2015-11-30, 01:15,T,20,5.0       ,294,16.8
-2.153,-46.155,306,1.6,1.2,2015-11-30, 01:15,T,39,5.0       ,294.1,14.5
-2.211,-46.575,305.4,1.7,1.3,2015-11-30, 01:15,T,28,5.0       ,294.9,12.1
-2.214,-46.591,314.1,1.7,1.3,2015-11-30, 01:15,T,84,5.0       ,295.1,30.2
-2.039,-45.421,305.8,1.4,1.2,2015-11-30, 01:15,T,36,5.0       ,293.9,13.4
-2.23,-46.792,307.2,1.8,1.3,2015-11-30, 01:15,T,46,5.0       ,295.5,13.8
-2.394,-48.078,321.8,2.2,1.4,2015-11-30, 01:15,T,100,5.0       ,294.3,72.4
-2.367,-47.982,306.2,2.2,1.4,2015-11-30, 01:15,T,43,5.0       ,293.8,18.5
-2.136,-46.207,305.4,1.6,1.2,2015-11-30, 01:15,T,30,5.0       ,294.2,14.2
-2.393,-48.065,306.6,2.2,1.4,2015-11-30, 01:15,T,47,5.0       ,294,21.4
-2.396,-48.084,315.8,2.2,1.4,2015-11-30, 01:15,T,89,5.0       ,294.2,50.7
-2.147,-46.439,309.2,1.6,1.3,2015-11-30, 01:15,T,65,5.0       ,295,18.5
-2.149,-46.454,305,1.7,1.3,2015-11-30, 01:15,T,4,5.0       ,294.8,10.5
-2.17,-46.603,338.7,1.7,1.3,2015-11-30, 01:15,T,100,5.0       ,295.7,104.4
-2.172,-46.618,311.3,1.7,1.3,2015-11-30, 01:15,T,74,5.0       ,294.8,23.9
-2.369,-47.988,308.4,2.2,1.4,2015-11-30, 01:15,T,60,5.0       ,293.9,26.5
-2.12,-46.413,315.6,1.6,1.3,2015-11-30, 01:15,T,89,5.0       ,294.4,31
-2.122,-46.428,335.4,1.6,1.3,2015-11-30, 01:15,T,100,5.0       ,295.2,85.6
-2.145,-46.591,305.6,1.7,1.3,2015-11-30, 01:15,T,29,5.0       ,295.1,13.3
-2.111,-46.429,306.8,1.6,1.3,2015-11-30, 01:15,T,49,5.0       ,294.8,14.7
-2.113,-46.444,306.2,1.6,1.3,2015-11-30, 01:15,T,42,5.0       ,294.8,13
-2.299,-47.958,305.6,2.2,1.4,2015-11-30, 01:15,T,34,5.0       ,294.1,17.8
-2.3,-47.963,305.7,2.2,1.4,2015-11-30, 01:15,T,29,5.0       ,294.1,16.8
-2.041,-46.342,306.9,1.6,1.3,2015-11-30, 01:15,T,50,5.0       ,294.5,15.9
-2.071,-46.546,305.5,1.7,1.3,2015-11-30, 01:15,T,8,5.0       ,294.6,11.4
-2.261,-48.252,322.5,2.3,1.5,2015-11-30, 01:15,T,100,5.0       ,293.8,82
-1.985,-46.513,316.1,1.7,1.3,2015-11-30, 01:15,T,90,5.0       ,295,32.4
-1.984,-46.504,315.5,1.7,1.3,2015-11-30, 01:15,T,88,5.0       ,295,33.2
-1.986,-46.519,306.3,1.7,1.3,2015-11-30, 01:15,T,44,5.0       ,294.8,14.1
-1.944,-46.465,317.3,1.6,1.3,2015-11-30, 01:15,T,93,5.0       ,294.6,39.2
-1.753,-45.998,305.1,1.5,1.2,2015-11-30, 01:15,T,14,5.0       ,294.2,13.9
-1.708,-45.942,308.8,1.5,1.2,2015-11-30, 01:15,T,63,5.0       ,293.5,19.8
-1.694,-46.152,312.4,1.5,1.2,2015-11-30, 01:15,T,79,5.0       ,295.4,25.9
-1.486,-46.137,305.9,1.5,1.2,2015-11-30, 01:15,T,39,5.0       ,294.1,15.4
-1.488,-46.151,321.2,1.5,1.2,2015-11-30, 01:15,T,100,5.0       ,294.5,45.2
-1.484,-46.143,320.5,1.5,1.2,2015-11-30, 01:15,T,100,5.0       ,294.7,43.3
-1.486,-46.157,309.8,1.5,1.2,2015-11-30, 01:15,T,68,5.0       ,294.1,21.8
-1.439,-46.786,319.6,1.7,1.3,2015-11-30, 01:15,T,99,5.0       ,294.3,49.5
-1.441,-46.801,352.2,1.7,1.3,2015-11-30, 01:15,T,100,5.0       ,295.3,172
1.208,-50.497,317.6,3,1.7,2015-11-30, 01:15,T,94,5.0       ,293.2,103.8
1.204,-50.523,323.2,3,1.7,2015-11-30, 01:15,T,100,5.0       ,294.2,138.9
1.208,-50.502,323.1,3,1.7,2015-11-30, 01:15,T,100,5.0       ,293.9,137.9
1.204,-50.529,316,3,1.7,2015-11-30, 01:15,T,90,5.0       ,293.9,96.1
1.271,-50.484,326.1,3,1.7,2015-11-30, 01:15,T,100,5.0       ,294.8,149
1.285,-50.486,320.5,3,1.7,2015-11-30, 01:15,T,97,5.0       ,293.8,107
1.3,-50.488,307.2,3,1.7,2015-11-30, 01:15,T,13,5.0       ,293,40.7
1.271,-50.491,322.7,3,1.7,2015-11-30, 01:15,T,100,5.0       ,294.5,123.5
-3.434,-45.735,308.3,1.5,1.2,2015-11-30, 01:15,T,60,5.0       ,294.2,16.1
-3.436,-45.749,311.8,1.5,1.2,2015-11-30, 01:15,T,76,5.0       ,294.4,22.2
-3.693,-47.653,305.2,2.2,1.4,2015-11-30, 01:15,T,25,5.0       ,294.2,21.1
-3.485,-46.596,317.1,1.8,1.3,2015-11-30, 01:15,T,93,5.0       ,294.8,38
-3.487,-46.612,308.4,1.8,1.3,2015-11-30, 01:15,T,61,5.0       ,294.7,17.5
-3.461,-46.599,313.7,1.8,1.3,2015-11-30, 01:15,T,54,5.0       ,294.5,26.6
-3.433,-46.373,309.1,1.7,1.3,2015-11-30, 01:15,T,65,5.0       ,294.4,18.9
-3.466,-46.605,308,1.8,1.3,2015-11-30, 01:15,T,11,5.0       ,294.6,16.2
-3.109,-44.172,308.6,1.2,1.1,2015-11-30, 01:15,T,62,5.0       ,294.2,13.7
-3.424,-46.389,306.3,1.7,1.3,2015-11-30, 01:15,T,33,5.0       ,294.1,12.8
-3.454,-46.607,308.6,1.8,1.3,2015-11-30, 01:15,T,28,5.0       ,294.1,18
-3.367,-46.153,305.4,1.6,1.3,2015-11-30, 01:15,T,30,5.0       ,294.1,11
-3.39,-46.317,305.2,1.7,1.3,2015-11-30, 01:15,T,20,5.0       ,293,16.7
-3.234,-45.353,306.7,1.4,1.2,2015-11-30, 01:15,T,48,5.0       ,295,12.1
-3.235,-45.366,306.2,1.4,1.2,2015-11-30, 01:15,T,40,5.0       ,294.5,10.8
-3.49,-47.401,339.4,2.1,1.4,2015-11-30, 01:15,T,100,5.0       ,294.3,146.6
-3.486,-47.388,320.1,2.1,1.4,2015-11-30, 01:15,T,100,5.0       ,293.5,64.5
-3.488,-47.406,327.5,2.1,1.4,2015-11-30, 01:15,T,100,5.0       ,294.1,92.3
-3.336,-46.501,308.4,1.7,1.3,2015-11-30, 01:15,T,31,5.0       ,294.5,16.1
-3.338,-46.516,320.8,1.7,1.3,2015-11-30, 01:15,T,100,5.0       ,294.8,46.1
-3.282,-46.201,305.9,1.6,1.3,2015-11-30, 01:15,T,32,5.0       ,294,12.4
-3.322,-46.487,305.9,1.7,1.3,2015-11-30, 01:15,T,15,5.0       ,294.5,11.4
-3.324,-46.503,306.9,1.7,1.3,2015-11-30, 01:15,T,31,5.0       ,294.4,13.6
-3.209,-46.248,307.6,1.7,1.3,2015-11-30, 01:15,T,55,5.0       ,294.1,15.6
-3.229,-46.475,311.3,1.7,1.3,2015-11-30, 01:15,T,74,5.0       ,294.7,22.4
-3.099,-45.787,324.9,1.5,1.2,2015-11-30, 01:15,T,100,5.0       ,294.6,51.2
1.285,-50.493,316.1,3,1.7,2015-11-30, 01:15,T,78,5.0       ,293.6,84.9
1.3,-50.495,308.8,3,1.7,2015-11-30, 01:15,T,38,5.0       ,293.3,51.5
1.667,-50.684,308.2,3.1,1.7,2015-11-30, 01:15,T,59,5.0       ,293.3,55.9
-2.51,-56.222,323.6,4.3,1.9,2015-11-30, 02:55,T,100,5.0       ,293.6,214.7
-2.493,-56.225,310.3,4.3,1.9,2015-11-30, 02:55,T,70,5.0       ,293.5,86.9
-2.503,-56.189,308.8,4.4,1.9,2015-11-30, 02:55,T,63,5.0       ,293.4,80.4
-2.508,-56.227,326.5,4.3,1.9,2015-11-30, 02:55,T,100,5.0       ,293.5,246.3
-2.363,-56.09,305.9,4.5,1.9,2015-11-30, 02:55,T,38,5.0       ,292.4,59.8
9.384,-64.549,305,1.5,1.2,2015-11-30, 03:00,T,14,5.0       ,287.8,15.6
9.638,-63.569,310.6,1.8,1.3,2015-11-30, 03:00,T,33,5.0       ,292.1,26
9.621,-63.7,308.1,1.8,1.3,2015-11-30, 03:00,T,29,5.0       ,292.1,20.8
9.619,-63.716,327.5,1.8,1.3,2015-11-30, 03:00,T,100,5.0       ,292.6,72.5
9.617,-63.732,333.6,1.8,1.3,2015-11-30, 03:00,T,100,5.0       ,292.2,93.6
9.654,-63.538,306.9,1.8,1.3,2015-11-30, 03:00,T,42,5.0       ,291.8,20
9.652,-63.554,307.2,1.8,1.3,2015-11-30, 03:00,T,19,5.0       ,292,19.2
9.65,-63.571,327.8,1.8,1.3,2015-11-30, 03:00,T,100,5.0       ,292.6,75.4
9.644,-63.62,305.4,1.8,1.3,2015-11-30, 03:00,T,29,5.0       ,292.2,17
9.631,-63.718,308.4,1.8,1.3,2015-11-30, 03:00,T,46,5.0       ,292,21.9
9.656,-63.622,351.3,1.8,1.3,2015-11-30, 03:00,T,100,5.0       ,293.4,178
9.653,-63.638,321.1,1.8,1.3,2015-11-30, 03:00,T,100,5.0       ,292.1,54.6
9.704,-63.528,311.1,1.8,1.3,2015-11-30, 03:00,T,74,5.0       ,291.4,30.6
9.698,-63.534,309.2,1.8,1.3,2015-11-30, 03:00,T,65,5.0       ,291.5,28.1
9.73,-63.469,310.7,1.9,1.3,2015-11-30, 03:00,T,72,5.0       ,291.9,30.5
9.742,-63.471,322.5,1.9,1.3,2015-11-30, 03:00,T,100,5.0       ,291.6,63.6
9.74,-63.487,308.8,1.9,1.3,2015-11-30, 03:00,T,63,5.0       ,291.3,26.7
10.06,-64.896,310.7,1.5,1.2,2015-11-30, 03:00,T,72,5.0       ,294.3,20.5
10.065,-64.889,307.7,1.5,1.2,2015-11-30, 03:00,T,10,5.0       ,294.7,13.3
-4.847,-46.251,308.7,1.8,1.3,2015-11-30, 01:15,T,31,5.0       ,295.6,20
-4.633,-46.375,312.1,1.8,1.3,2015-11-30, 01:15,T,77,5.0       ,295.2,24.6
-4.635,-46.391,309.4,1.8,1.3,2015-11-30, 01:15,T,29,5.0       ,294.8,18.4
-4.621,-46.377,462.4,1.8,1.3,2015-11-30, 01:15,T,100,5.0       ,308.9,2051.7
-4.623,-46.393,412.7,1.8,1.3,2015-11-30, 01:15,T,100,5.0       ,300.6,788.2
-4.623,-46.366,319.5,1.8,1.3,2015-11-30, 01:15,T,98,5.0       ,295.9,42.9
-4.626,-46.382,424.3,1.8,1.3,2015-11-30, 01:15,T,100,5.0       ,305.7,997.6
-4.628,-46.397,336.5,1.8,1.3,2015-11-30, 01:15,T,100,5.0       ,295.2,97.1
-4.579,-46.134,314.4,1.7,1.3,2015-11-30, 01:15,T,85,5.0       ,295,29.6
-4.581,-46.149,309.5,1.7,1.3,2015-11-30, 01:15,T,59,5.0       ,294.7,19.6
-4.612,-46.368,367,1.8,1.3,2015-11-30, 01:15,T,100,5.0       ,295.5,266.9
-4.614,-46.384,440.2,1.8,1.3,2015-11-30, 01:15,T,100,5.0       ,301.8,1364.2
-4.616,-46.399,336.3,1.8,1.3,2015-11-30, 01:15,T,100,5.0       ,294.6,98.7
-4.621,-46.431,307.6,1.8,1.3,2015-11-30, 01:15,T,23,5.0       ,291.9,20.1
-4.568,-46.135,307.2,1.7,1.3,2015-11-30, 01:15,T,22,5.0       ,294.9,13.9
-4.529,-45.943,306.2,1.6,1.3,2015-11-30, 01:15,T,43,5.0       ,295.9,12.7
-4.455,-45.82,310.1,1.6,1.2,2015-11-30, 01:15,T,69,5.0       ,295.4,17.6
-4.454,-45.811,305.4,1.6,1.2,2015-11-30, 01:15,T,29,5.0       ,295.3,10.1
-4.456,-45.826,305.6,1.6,1.2,2015-11-30, 01:15,T,33,5.0       ,295.4,10.4
-4.018,-43.068,309.7,1.1,1,2015-11-30, 01:15,T,68,5.0       ,297.6,9.9
-4.405,-46.041,307.3,1.7,1.3,2015-11-30, 01:15,T,21,5.0       ,295.4,12.8
-4.407,-46.056,310,1.7,1.3,2015-11-30, 01:15,T,60,5.0       ,295,18.7
-4.268,-45.109,308.1,1.4,1.2,2015-11-30, 01:15,T,58,5.0       ,295.2,12.6
-4.264,-45.116,305.4,1.4,1.2,2015-11-30, 01:15,T,28,5.0       ,295.3,9.2
-4.391,-46.265,310.7,1.7,1.3,2015-11-30, 01:15,T,72,5.0       ,294.1,25.2
-4.341,-46.071,310.2,1.7,1.3,2015-11-30, 01:15,T,70,5.0       ,295.3,19.9
-4.325,-46.043,342.2,1.7,1.3,2015-11-30, 01:15,T,100,5.0       ,296.2,112.4
-4.327,-46.057,352.2,1.7,1.3,2015-11-30, 01:15,T,100,5.0       ,296.5,156.6
-4.329,-46.072,311.1,1.7,1.3,2015-11-30, 01:15,T,35,5.0       ,295.2,19.5
-4.314,-46.044,374.3,1.7,1.3,2015-11-30, 01:15,T,100,5.0       ,296.9,292.5
-4.316,-46.06,363.1,1.7,1.3,2015-11-30, 01:15,T,100,5.0       ,296.5,215.8
-3.599,-40.954,307.5,1,1,2015-11-30, 01:15,T,55,5.0       ,295.1,9
-4.302,-46.046,309.3,1.7,1.3,2015-11-30, 01:15,T,66,5.0       ,294.9,17.1
-4.314,-46.036,311.1,1.7,1.3,2015-11-30, 01:15,T,74,5.0       ,295.1,21.5
-4.316,-46.051,379.6,1.7,1.3,2015-11-30, 01:15,T,100,5.0       ,298.8,335.5
-4.318,-46.066,321.5,1.7,1.3,2015-11-30, 01:15,T,100,5.0       ,295.4,43.4
-4.304,-46.053,323,1.7,1.3,2015-11-30, 01:15,T,100,5.0       ,295.1,49.4
-4.34,-46.391,306.6,1.8,1.3,2015-11-30, 01:15,T,46,5.0       ,295.1,14.4
-4.324,-46.361,319.3,1.8,1.3,2015-11-30, 01:15,T,98,5.0       ,295.1,43.5
-4.228,-45.754,307.8,1.6,1.2,2015-11-30, 01:15,T,57,5.0       ,294.8,14.5
-4.286,-46.431,305.4,1.8,1.3,2015-11-30, 01:15,T,30,5.0       ,294.8,12.5
-4.228,-46.412,311.1,1.8,1.3,2015-11-30, 01:15,T,73,5.0       ,295.3,23.6
-4.23,-46.428,311.7,1.8,1.3,2015-11-30, 01:15,T,76,5.0       ,295.3,25.8
-4.2,-46.384,306.4,1.8,1.3,2015-11-30, 01:15,T,45,5.0       ,295.1,13.9
-4.2,-46.788,310.9,1.9,1.3,2015-11-30, 01:15,T,73,5.0       ,294.4,28.2
-4.202,-46.804,310.7,1.9,1.3,2015-11-30, 01:15,T,72,5.0       ,294.2,27.9
-4.113,-46.245,307.5,1.7,1.3,2015-11-30, 01:15,T,54,5.0       ,294.6,15.2
-4.071,-46.112,311.6,1.7,1.3,2015-11-30, 01:15,T,76,5.0       ,294.6,22.1
-4.116,-46.614,394.9,1.8,1.3,2015-11-30, 01:15,T,100,5.0       ,298.7,554.4
-4.118,-46.63,374.6,1.8,1.3,2015-11-30, 01:15,T,100,5.0       ,296.7,341.4
-4.104,-46.615,305.8,1.8,1.3,2015-11-30, 01:15,T,35,5.0       ,295,13.3
-4.121,-46.619,342.7,1.8,1.3,2015-11-30, 01:15,T,100,5.0       ,296.7,133
-4.124,-46.635,309.3,1.8,1.3,2015-11-30, 01:15,T,66,5.0       ,294.5,19.9
-4.11,-46.62,397.2,1.8,1.3,2015-11-30, 01:15,T,100,5.0       ,298.2,583.8
-4.112,-46.636,327.2,1.8,1.3,2015-11-30, 01:15,T,100,5.0       ,295.1,68.7
-4.274,-48.184,326.6,2.4,1.5,2015-11-30, 01:15,T,100,5.0       ,292.9,112.7
-3.96,-45.969,309.3,1.6,1.3,2015-11-30, 01:15,T,65,5.0       ,294.7,17.5
-3.949,-45.97,316.4,1.6,1.3,2015-11-30, 01:15,T,91,5.0       ,294.8,32.1
-3.707,-44.278,305.8,1.2,1.1,2015-11-30, 01:15,T,38,5.0       ,295.2,8.3
-4.028,-46.731,308.5,1.9,1.3,2015-11-30, 01:15,T,53,5.0       ,295.4,18.9
-3.972,-46.466,307.7,1.8,1.3,2015-11-30, 01:15,T,56,5.0       ,295.4,16.9
-3.975,-46.482,306.8,1.8,1.3,2015-11-30, 01:15,T,49,5.0       ,294.9,15.4
-4.076,-47.209,317.1,2,1.4,2015-11-30, 01:15,T,93,5.0       ,293.7,53.2
-4.036,-47.014,309.7,2,1.4,2015-11-30, 01:15,T,68,5.0       ,295.4,25.9
-4.022,-46.998,307.2,2,1.4,2015-11-30, 01:15,T,23,5.0       ,295,18.1
-4.024,-47.016,313.2,2,1.4,2015-11-30, 01:15,T,81,5.0       ,294.9,33.8
-4.146,-48.012,310,2.4,1.5,2015-11-30, 01:15,T,69,5.0       ,294.1,37.8
-3.783,-45.424,305.8,1.5,1.2,2015-11-30, 01:15,T,37,5.0       ,294.3,11.6
-4.133,-48.014,305.2,2.4,1.5,2015-11-30, 01:15,T,23,5.0       ,294.1,23.3
-4.134,-47.997,308,2.3,1.5,2015-11-30, 01:15,T,58,5.0       ,294.2,28.9
-4.137,-48.018,306.3,2.4,1.5,2015-11-30, 01:15,T,26,5.0       ,294,25
-3.92,-46.658,308.1,1.8,1.3,2015-11-30, 01:15,T,50,5.0       ,295.3,18.2
-3.903,-46.627,313.8,1.8,1.3,2015-11-30, 01:15,T,83,5.0       ,295.2,30.6
-3.905,-46.643,309.2,1.8,1.3,2015-11-30, 01:15,T,26,5.0       ,294.9,19.4
-3.861,-46.584,311.8,1.8,1.3,2015-11-30, 01:15,T,76,5.0       ,294.8,26.5
-3.863,-46.601,314,1.8,1.3,2015-11-30, 01:15,T,84,5.0       ,294.8,31.5
-3.829,-46.497,306.6,1.8,1.3,2015-11-30, 01:15,T,40,5.0       ,294.9,14.4
-1.482,-46.145,309.3,2.1,1.4,2015-11-30, 04:15,A,66,5.0       ,292.9,37.9
-2.122,-46.422,306.2,2.1,1.4,2015-11-30, 04:15,A,43,5.0       ,293.6,24.6
-2.029,-47.394,305.9,2.5,1.5,2015-11-30, 04:15,A,39,5.0       ,292.7,34.9
-2.173,-46.605,308.2,2.2,1.4,2015-11-30, 04:15,A,59,5.0       ,293.4,31.4
-2.369,-46.612,309.8,2.2,1.4,2015-11-30, 04:15,A,68,5.0       ,294.2,31.3
-2.187,-47.891,306.9,2.8,1.6,2015-11-30, 04:15,A,49,5.0       ,293.5,37.9
-2.395,-46.616,306,2.2,1.4,2015-11-30, 04:15,A,8,5.0       ,294,19.2
-2.486,-46.275,307.3,2,1.4,2015-11-30, 04:15,A,53,5.0       ,293.7,25.6
-2.603,-46.799,318.6,2.2,1.4,2015-11-30, 04:15,A,96,5.0       ,292.9,65.9
-2.606,-46.779,306.7,2.2,1.4,2015-11-30, 04:15,A,48,5.0       ,292.9,27.3
-2.6,-46.806,308.6,2.2,1.4,2015-11-30, 04:15,A,62,5.0       ,292.6,33.8
-2.603,-46.786,315.7,2.2,1.4,2015-11-30, 04:15,A,89,5.0       ,293,56.4
-2.598,-46.907,306.8,2.3,1.5,2015-11-30, 04:15,A,49,5.0       ,293,26.7
-2.605,-46.95,321.9,2.3,1.5,2015-11-30, 04:15,A,100,5.0       ,293.1,77.7
-2.608,-46.929,326.4,2.3,1.5,2015-11-30, 04:15,A,100,5.0       ,293.4,97.4
-2.628,-46.973,308.5,2.3,1.5,2015-11-30, 04:15,A,38,5.0       ,293.1,30.3
-2.641,-46.975,309.2,2.3,1.5,2015-11-30, 04:15,A,56,5.0       ,293.4,32.8
-2.639,-47.08,310,2.3,1.5,2015-11-30, 04:15,A,69,5.0       ,293.5,37.2
-2.652,-47.083,306.7,2.3,1.5,2015-11-30, 04:15,A,34,5.0       ,293.3,26.7
-2.639,-46.981,309.6,2.3,1.5,2015-11-30, 04:15,A,15,5.0       ,293.4,31.8
-2.639,-47.065,309.2,2.3,1.5,2015-11-30, 04:15,A,65,5.0       ,293.6,35.2
-2.606,-47.64,310.9,2.6,1.5,2015-11-30, 04:15,A,73,5.0       ,292.9,52
-2.609,-47.617,310.3,2.6,1.5,2015-11-30, 04:15,A,70,5.0       ,292.9,49.2
-2.598,-48.087,305.6,2.8,1.6,2015-11-30, 04:15,A,34,5.0       ,292.6,32.3
-2.602,-48.062,306.4,2.8,1.6,2015-11-30, 04:15,A,45,5.0       ,292.8,35.1
-2.908,-46.77,310.9,2.2,1.4,2015-11-30, 04:15,A,73,5.0       ,293,39.3
-3.176,-45.325,307.1,1.7,1.3,2015-11-30, 04:15,A,22,5.0       ,293.5,17.7
-3.185,-45.341,308.9,1.7,1.3,2015-11-30, 04:15,A,39,5.0       ,293.4,20.9
-3.187,-45.326,333.3,1.7,1.3,2015-11-30, 04:15,A,100,5.0       ,294.1,85.4
-3.189,-45.312,308.7,1.7,1.3,2015-11-30, 04:15,A,36,5.0       ,293.5,20.4
-3.184,-45.333,330.6,1.7,1.3,2015-11-30, 04:15,A,100,5.0       ,293.9,76.4
-3.186,-45.318,327.7,1.7,1.3,2015-11-30, 04:15,A,100,5.0       ,294,67.4
-3.434,-44.385,316.8,1.4,1.2,2015-11-30, 04:15,A,92,5.0       ,294.2,31.3
-2.906,-48.956,312.7,3.2,1.7,2015-11-30, 04:15,A,79,5.0       ,293.1,81.2
-2.904,-48.961,315.1,3.2,1.7,2015-11-30, 04:15,A,87,5.0       ,293.1,96
-3.434,-45.733,309.7,1.8,1.3,2015-11-30, 04:15,A,67,5.0       ,293.1,26.6
-3.457,-46.595,307.5,2.1,1.4,2015-11-30, 04:15,A,41,5.0       ,293,25.4
-3.459,-46.601,305.3,2.1,1.4,2015-11-30, 04:15,A,14,5.0       ,293.2,19.8
-3.715,-47.137,305,2.3,1.5,2015-11-30, 04:15,A,4,5.0       ,293.8,20.8
-3.748,-47.182,307.9,2.3,1.5,2015-11-30, 04:15,A,57,5.0       ,294,29.9
-3.853,-46.592,315.4,2,1.4,2015-11-30, 04:15,A,88,5.0       ,293.6,47.9
-3.856,-46.573,306.2,2,1.4,2015-11-30, 04:15,A,43,5.0       ,293.4,22.3
-3.808,-46.969,306.3,2.2,1.4,2015-11-30, 04:15,A,25,5.0       ,293.9,21.3
-3.821,-46.971,319.2,2.2,1.4,2015-11-30, 04:15,A,98,5.0       ,294.3,61.7
-3.823,-46.952,311.6,2.2,1.4,2015-11-30, 04:15,A,75,5.0       ,294,35.6
-3.833,-46.973,316.9,2.2,1.4,2015-11-30, 04:15,A,92,5.0       ,294.2,55.3
-3.836,-46.954,306.7,2.2,1.4,2015-11-30, 04:15,A,48,5.0       ,293.7,23.1
-3.9,-46.617,309.9,2,1.4,2015-11-30, 04:15,A,68,5.0       ,293.8,30.1
-5.246,-37.505,307.3,1.3,1.1,2015-11-30, 04:15,A,53,5.0       ,295.5,14.4
-3.831,-46.98,312.7,2.2,1.4,2015-11-30, 04:15,A,80,5.0       ,294,41.2
-3.834,-46.961,319.2,2.2,1.4,2015-11-30, 04:15,A,98,5.0       ,294.3,62.5
-3.9,-46.624,307.6,2,1.4,2015-11-30, 04:15,A,46,5.0       ,293.7,23.9
-4.625,-42.805,327.1,1.1,1.1,2015-11-30, 04:15,A,100,5.0       ,297.4,37
-4.024,-47.013,308.2,2.2,1.4,2015-11-30, 04:15,A,59,5.0       ,294.3,27.4
-4.026,-46.994,305.8,2.2,1.4,2015-11-30, 04:15,A,32,5.0       ,294.1,20.7
-4.024,-47.001,309.9,2.2,1.4,2015-11-30, 04:15,A,68,5.0       ,294.4,32.7
-4.111,-46.614,349.1,2,1.4,2015-11-30, 04:15,A,100,5.0       ,295.7,194.2
-4.124,-46.616,312.3,2,1.4,2015-11-30, 04:15,A,78,5.0       ,294.1,35.6
-4.151,-46.769,308.3,2.1,1.4,2015-11-30, 04:15,A,60,5.0       ,293.8,27.8
-4.303,-46.056,317.9,1.8,1.3,2015-11-30, 04:15,A,95,5.0       ,293.4,44.3
-4.306,-46.04,316.8,1.8,1.3,2015-11-30, 04:15,A,92,5.0       ,293.5,41.4
-4.201,-46.8,312.2,2.1,1.4,2015-11-30, 04:15,A,78,5.0       ,293.7,38.3
-4.203,-46.783,315.9,2.1,1.4,2015-11-30, 04:15,A,89,5.0       ,294,49.4
-4.318,-46.041,306.7,1.8,1.3,2015-11-30, 04:15,A,22,5.0       ,293.5,17.9
-4.387,-46.26,305.9,1.9,1.3,2015-11-30, 04:15,A,39,5.0       ,293.1,20.4
-4.569,-46.116,306.2,1.8,1.3,2015-11-30, 04:15,A,39,5.0       ,294,17.4
-4.578,-46.134,310.2,1.8,1.3,2015-11-30, 04:15,A,70,5.0       ,294,26.8
-4.58,-46.117,306.8,1.8,1.3,2015-11-30, 04:15,A,41,5.0       ,294,18.7
-4.274,-48.181,319.9,2.7,1.6,2015-11-30, 04:15,A,99,5.0       ,292.6,93.1
-4.277,-48.159,313.7,2.7,1.6,2015-11-30, 04:15,A,83,5.0       ,292.4,63.5
-4.279,-48.188,307.7,2.7,1.6,2015-11-30, 04:15,A,56,5.0       ,292.2,40.3
-4.283,-48.165,312.7,2.7,1.6,2015-11-30, 04:15,A,80,5.0       ,292.4,59.6
-4.573,-46.606,314.5,2,1.4,2015-11-30, 04:15,A,85,5.0       ,294.1,42.6
-4.608,-46.382,334.1,1.9,1.3,2015-11-30, 04:15,A,100,5.0       ,295.1,105.6
-4.61,-46.365,323.4,1.9,1.3,2015-11-30, 04:15,A,100,5.0       ,294.7,65.7
-4.574,-46.679,309.6,2,1.4,2015-11-30, 04:15,A,67,5.0       ,293.5,30.6
-4.577,-46.66,309.6,2,1.4,2015-11-30, 04:15,A,67,5.0       ,293.5,30.2
-4.62,-46.383,369.4,1.9,1.3,2015-11-30, 04:15,A,100,5.0       ,297.8,317.5
-4.622,-46.366,347.3,1.9,1.3,2015-11-30, 04:15,A,100,5.0       ,296.8,167
-4.785,-45.693,316.2,1.7,1.3,2015-11-30, 04:15,A,90,5.0       ,293.7,37.2
-4.787,-45.678,309.3,1.7,1.3,2015-11-30, 04:15,A,65,5.0       ,293.5,22.1
-4.782,-45.699,305.8,1.7,1.3,2015-11-30, 04:15,A,37,5.0       ,293.3,16.1
-4.784,-45.684,317.5,1.7,1.3,2015-11-30, 04:15,A,94,5.0       ,293.9,40.9
-5.256,-43.246,312.2,1.1,1.1,2015-11-30, 04:15,A,78,5.0       ,295.4,17.5
-5.258,-43.235,305.5,1.1,1.1,2015-11-30, 04:15,A,32,5.0       ,295.3,9.9
-5.266,-43.247,309.5,1.1,1.1,2015-11-30, 04:15,A,67,5.0       ,294.6,14.8
-5.267,-43.237,310,1.1,1.1,2015-11-30, 04:15,A,69,5.0       ,294.8,15.4
-4.838,-46.24,307.8,1.8,1.3,2015-11-30, 04:15,A,57,5.0       ,294,22.1
-5.083,-45.095,306.1,1.5,1.2,2015-11-30, 04:15,A,41,5.0       ,295.2,13.3
-5.39,-43.708,306.3,1.2,1.1,2015-11-30, 04:15,A,12,5.0       ,295.2,11.2
-5.399,-43.709,309.5,1.2,1.1,2015-11-30, 04:15,A,67,5.0       ,295.7,15.5
-5.401,-43.698,309.1,1.2,1.1,2015-11-30, 04:15,A,64,5.0       ,296,14.9
-10.072,-36.122,319.7,2,1.4,2015-11-30, 04:15,A,99,5.0       ,294.3,63.1
-10.074,-36.104,328.9,2,1.4,2015-11-30, 04:15,A,100,5.0       ,294.9,96.5
-10.084,-36.123,338.5,2,1.4,2015-11-30, 04:15,A,100,5.0       ,293.9,137.1
-10.087,-36.105,354.5,2,1.4,2015-11-30, 04:15,A,100,5.0       ,295.7,229.4
-10.393,-37.168,317.9,1.7,1.3,2015-11-30, 04:15,A,95,5.0       ,293.2,46.8
-10.395,-37.152,306.3,1.7,1.3,2015-11-30, 04:15,A,44,5.0       ,292.8,22.5
3.409,-51.238,311.8,3.2,1.7,2015-11-30, 01:20,T,76,5.0       ,291.8,73.2
3.405,-51.267,327.5,3.2,1.7,2015-11-30, 01:20,T,100,5.0       ,292.3,177.2
3.42,-51.269,309.8,3.2,1.7,2015-11-30, 01:20,T,68,5.0       ,291.6,68.5
3.418,-51.274,318.7,3.2,1.7,2015-11-30, 01:20,T,96,5.0       ,291.8,116.1
-22.314,-68.883,307.2,1,1,2015-11-30, 05:55,A,52,5.0       ,281.8,18.8
10.011,-62.238,305.8,1,1,2015-11-30, 05:50,A,37,5.0       ,294.8,6.6
9.74,-63.477,323.7,1,1,2015-11-30, 05:50,A,100,5.0       ,292.7,28.5
9.738,-63.468,334.7,1,1,2015-11-30, 05:50,A,100,5.0       ,294.2,44.8
9.702,-63.527,305.1,1,1,2015-11-30, 05:50,A,19,5.0       ,291.2,10.6
9.653,-63.572,315.3,1,1,2015-11-30, 05:50,A,79,5.0       ,290.8,19.2
9.651,-63.562,320.4,1,1,2015-11-30, 05:50,A,100,5.0       ,291.1,25.4
9.637,-63.722,310.4,1,1,2015-11-30, 05:50,A,25,5.0       ,292,13.1
9.636,-63.713,314.9,1,1,2015-11-30, 05:50,A,65,5.0       ,292.6,17.9
9.628,-63.724,311.5,1,1,2015-11-30, 05:50,A,63,5.0       ,291.9,14.6
9.627,-63.714,306.7,1,1,2015-11-30, 05:50,A,11,5.0       ,291.6,9.7
9.619,-63.725,308.6,1,1,2015-11-30, 05:50,A,51,5.0       ,290.5,12.9
9.387,-64.541,307.1,1.1,1,2015-11-30, 05:50,A,51,5.0       ,293.5,10.2
8.727,-62.906,307.4,1,1,2015-11-30, 05:50,A,54,5.0       ,291.9,10.1
8.564,-64.133,307.1,1.1,1,2015-11-30, 05:50,A,51,5.0       ,288.7,11.1
8.527,-64.071,311.3,1,1,2015-11-30, 05:50,A,74,5.0       ,290.6,15.4
-2.495,-56.216,327.8,3.5,1.8,2015-11-30, 05:50,A,100,5.0       ,292.7,191.9
-2.499,-56.185,315.8,3.5,1.8,2015-11-30, 05:50,A,89,5.0       ,292.4,101
-2.49,-56.22,314.6,3.5,1.8,2015-11-30, 05:50,A,86,5.0       ,292.4,93.3
-2.494,-56.189,313.2,3.5,1.8,2015-11-30, 05:50,A,81,5.0       ,292.4,85.3
-2.505,-56.222,308.5,3.5,1.8,2015-11-30, 05:50,A,61,5.0       ,292.5,61
-2.51,-56.191,309.4,3.5,1.8,2015-11-30, 05:50,A,66,5.0       ,292.5,67.7
-39.413,-71.941,308,1.1,1,2015-11-30, 06:00,A,58,5.0       ,271.7,23.4
-39.415,-71.928,312,1.1,1,2015-11-30, 06:00,A,77,5.0       ,271.3,28.1
