latitude,longitude,brightness,scan,track,acq_date,acq_time,satellite,confidence,version,bright_t31,frp
-9.857,-36.22,308.9,2.4,1.5,2015-11-29, 00:30,T,63,5.0       ,294,42.3
-7.548,-35.091,306.8,1.8,1.3,2015-11-29, 00:30,T,48,5.0       ,293.5,24.7
-7.525,-35.011,316.5,1.8,1.3,2015-11-29, 00:30,T,91,5.0       ,293.8,46.6
-4.83,-37.397,327.5,2.5,1.5,2015-11-29, 00:30,T,100,5.0       ,295.3,122.5
-4.833,-37.42,306.2,2.5,1.5,2015-11-29, 00:30,T,43,5.0       ,295,31
-3.746,-54.732,308.2,1,1,2015-11-29, 02:10,T,59,5.0       ,293.1,9.1
-3.751,-54.768,312.9,1,1,2015-11-29, 02:10,T,80,5.0       ,293.1,14.2
-3.735,-54.725,315.3,1,1,2015-11-29, 02:10,T,88,5.0       ,293.1,16.1
-3.55,-53.682,306.1,1.1,1,2015-11-29, 02:10,T,41,5.0       ,293.4,8.9
-3.574,-53.853,312.2,1.1,1,2015-11-29, 02:10,T,65,5.0       ,275.8,17.9
-2.867,-49.026,306.7,2.2,1.4,2015-11-29, 02:10,T,48,5.0       ,285.3,45.4
-3.565,-53.855,309.2,1.1,1,2015-11-29, 02:10,T,60,5.0       ,277.4,15.7
-3.216,-51.575,308.3,1.4,1.2,2015-11-29, 02:10,T,32,5.0       ,289.4,17.9
-3.513,-53.687,307,1.1,1,2015-11-29, 02:10,T,36,5.0       ,289.9,9.7
-2.563,-47.37,310.7,3,1.7,2015-11-29, 02:10,T,72,5.0       ,271.5,76.2
-3.55,-54.01,315.2,1,1,2015-11-29, 02:10,T,73,5.0       ,289.3,17.8
-2.639,-47.962,305.9,2.7,1.6,2015-11-29, 02:10,T,36,5.0       ,290.6,30.7
-3.243,-51.971,314.8,1.3,1.1,2015-11-29, 02:10,T,86,5.0       ,294.9,24.3
-3.496,-53.699,309.3,1.1,1,2015-11-29, 02:10,T,49,5.0       ,286.6,12.4
-3.539,-54.002,307.3,1,1,2015-11-29, 02:10,T,19,5.0       ,289.3,8.9
-2.36,-46.362,306.9,3.7,1.8,2015-11-29, 02:10,T,50,5.0       ,291.1,54.6
-3.416,-53.282,313.5,1.1,1.1,2015-11-29, 02:10,T,82,5.0       ,294.7,17.1
-3.417,-53.292,322.4,1.1,1.1,2015-11-29, 02:10,T,100,5.0       ,296,29.4
-3.478,-53.712,306.4,1.1,1,2015-11-29, 02:10,T,45,5.0       ,285.5,10.5
-3.522,-54.072,312.1,1,1,2015-11-29, 02:10,T,5,5.0       ,291.2,11.3
-3.567,-54.385,312.1,1,1,2015-11-29, 02:10,T,77,5.0       ,294.1,13
-3.568,-54.394,305.3,1,1,2015-11-29, 02:10,T,27,5.0       ,293.9,6.6
-2.517,-47.157,307,3.2,1.7,2015-11-29, 02:10,T,44,5.0       ,278.7,70.3
-3.505,-54.013,362.7,1,1,2015-11-29, 02:10,T,100,5.0       ,292.8,111.3
-3.506,-54.023,361.2,1,1,2015-11-29, 02:10,T,100,5.0       ,293.4,107.1
-3.517,-54.098,306,1,1,2015-11-29, 02:10,T,15,5.0       ,290.6,7.4
-3.485,-53.94,317.3,1.1,1,2015-11-29, 02:10,T,93,5.0       ,278.2,23.6
-3.487,-53.949,320.1,1.1,1,2015-11-29, 02:10,T,100,5.0       ,280.6,26.4
-3.491,-53.977,317.6,1.1,1,2015-11-29, 02:10,T,94,5.0       ,286.2,20.9
-3.497,-54.024,306.3,1,1,2015-11-29, 02:10,T,41,5.0       ,290.1,8.9
-2.368,-46.368,308,3.7,1.8,2015-11-29, 02:10,T,58,5.0       ,291,64.9
-3.481,-53.979,332.6,1.1,1,2015-11-29, 02:10,T,100,5.0       ,287.2,42
-3.483,-53.988,316.8,1.1,1,2015-11-29, 02:10,T,92,5.0       ,288.1,19.1
-3.316,-53.034,306.4,1.2,1.1,2015-11-29, 02:10,T,45,5.0       ,291.9,11.9
-3.442,-53.898,311.9,1.1,1,2015-11-29, 02:10,T,77,5.0       ,282.9,16.6
-3.489,-54.225,305.2,1,1,2015-11-29, 02:10,T,24,5.0       ,292.8,7.4
-3.433,-53.899,305.4,1.1,1,2015-11-29, 02:10,T,23,5.0       ,286.1,9.7
-3.429,-53.939,313.7,1.1,1,2015-11-29, 02:10,T,29,5.0       ,288.3,15.3
-3.43,-53.948,318,1.1,1,2015-11-29, 02:10,T,34,5.0       ,288.5,18.5
-3.445,-54.117,305.1,1,1,2015-11-29, 02:10,T,18,5.0       ,290.1,7.6
-3.394,-53.828,307.1,1.1,1,2015-11-29, 02:10,T,10,5.0       ,282.3,10.5
-3.395,-53.837,316.5,1.1,1,2015-11-29, 02:10,T,91,5.0       ,283.6,20.2
-3.487,-54.468,305.4,1,1,2015-11-29, 02:10,T,30,5.0       ,294.3,7.4
-3.388,-53.835,306.1,1.1,1,2015-11-29, 02:10,T,39,5.0       ,282.5,10.6
-3.389,-53.844,305.5,1.1,1,2015-11-29, 02:10,T,29,5.0       ,282.7,9.7
-3.378,-53.836,308.9,1.1,1,2015-11-29, 02:10,T,61,5.0       ,283.6,13
-3.275,-53.182,338.1,1.1,1.1,2015-11-29, 02:10,T,100,5.0       ,290.2,60.9
-3.383,-53.932,305.4,1.1,1,2015-11-29, 02:10,T,24,5.0       ,289.4,8.7
-3.388,-53.97,311,1.1,1,2015-11-29, 02:10,T,57,5.0       ,291.2,12.2
-3.266,-53.183,316.6,1.1,1.1,2015-11-29, 02:10,T,91,5.0       ,287.1,24.4
-3.097,-52.301,306.6,1.3,1.1,2015-11-29, 02:10,T,47,5.0       ,294.6,12.3
-3.087,-52.302,381.8,1.3,1.1,2015-11-29, 02:10,T,100,5.0       ,298.3,242.3
-3.089,-52.314,359.7,1.3,1.1,2015-11-29, 02:10,T,100,5.0       ,296.9,136
-3.328,-54.007,309.4,1.1,1,2015-11-29, 02:10,T,66,5.0       ,284.7,13.1
-3.378,-54.412,308.8,1,1,2015-11-29, 02:10,T,63,5.0       ,297.1,8.9
-3.379,-54.421,308.6,1,1,2015-11-29, 02:10,T,61,5.0       ,297.8,8.8
-3.369,-54.414,325.1,1,1,2015-11-29, 02:10,T,100,5.0       ,297.3,27.2
-3.37,-54.423,311,1,1,2015-11-29, 02:10,T,51,5.0       ,297.1,10.4
-3.283,-53.876,309.7,1.1,1,2015-11-29, 02:10,T,59,5.0       ,277.8,13.4
-3.285,-54.02,318.9,1.1,1,2015-11-29, 02:10,T,76,5.0       ,285.8,21.6
-3.274,-54.012,315.8,1.1,1,2015-11-29, 02:10,T,27,5.0       ,287.7,16.3
-3.246,-53.881,309.4,1.1,1,2015-11-29, 02:10,T,36,5.0       ,279.3,12.4
-3.262,-53.994,311.3,1.1,1,2015-11-29, 02:10,T,69,5.0       ,286.1,14
-3.265,-54.013,326,1.1,1,2015-11-29, 02:10,T,100,5.0       ,287.5,30.7
-3.239,-54.026,306,1.1,1,2015-11-29, 02:10,T,40,5.0       ,286.6,9.4
-3.262,-54.565,319.3,1,1,2015-11-29, 02:10,T,98,5.0       ,297.9,19
-3.263,-54.574,319.2,1,1,2015-11-29, 02:10,T,98,5.0       ,297.2,18.8
-3.253,-54.567,306.5,1,1,2015-11-29, 02:10,T,3,5.0       ,296.3,5.5
-2.953,-52.574,310.8,1.2,1.1,2015-11-29, 02:10,T,72,5.0       ,295.7,15.9
-2.955,-52.585,305.9,1.2,1.1,2015-11-29, 02:10,T,39,5.0       ,295.6,9.6
-3.266,-54.722,308.7,1,1,2015-11-29, 02:10,T,44,5.0       ,295.8,7.5
-3.267,-54.731,307.4,1,1,2015-11-29, 02:10,T,29,5.0       ,295.3,6.7
-2.944,-52.576,347.9,1.2,1.1,2015-11-29, 02:10,T,100,5.0       ,296.5,90.5
-2.945,-52.587,315,1.2,1.1,2015-11-29, 02:10,T,87,5.0       ,295.5,21
-3.25,-54.678,312.6,1,1,2015-11-29, 02:10,T,79,5.0       ,296.3,10
-3.236,-54.643,308.1,1,1,2015-11-29, 02:10,T,18,5.0       ,295.4,5.3
-3.237,-54.652,317.5,1,1,2015-11-29, 02:10,T,94,5.0       ,295.3,15
-3.155,-54.137,313.8,1,1,2015-11-29, 02:10,T,83,5.0       ,292.8,16.8
-3.156,-54.146,307.7,1,1,2015-11-29, 02:10,T,56,5.0       ,292.4,10.5
-3.211,-54.533,309.9,1,1,2015-11-29, 02:10,T,69,5.0       ,297.8,10.2
-3.212,-54.542,307.3,1,1,2015-11-29, 02:10,T,20,5.0       ,297.1,7.5
-3.228,-54.651,310.1,1,1,2015-11-29, 02:10,T,61,5.0       ,295.6,9.3
-3.202,-54.534,307.1,1,1,2015-11-29, 02:10,T,16,5.0       ,296.1,7
-3.202,-54.599,309.5,1,1,2015-11-29, 02:10,T,43,5.0       ,296.1,8.6
-3.21,-54.653,318.7,1,1,2015-11-29, 02:10,T,97,5.0       ,296.7,17.2
-3.211,-54.662,318.2,1,1,2015-11-29, 02:10,T,95,5.0       ,296.8,16.7
-2.979,-53.108,315.1,1.2,1.1,2015-11-29, 02:10,T,87,5.0       ,290.5,22.1
-3.139,-54.224,307,1,1,2015-11-29, 02:10,T,50,5.0       ,295.4,8.2
-2.878,-52.478,305.8,1.3,1.1,2015-11-29, 02:10,T,37,5.0       ,294.7,10.7
-2.879,-52.489,306.1,1.2,1.1,2015-11-29, 02:10,T,42,5.0       ,294.5,10.9
-3.193,-54.665,309,1,1,2015-11-29, 02:10,T,38,5.0       ,295.8,7.4
-3.194,-54.674,315.2,1,1,2015-11-29, 02:10,T,88,5.0       ,296.5,13.4
-3.22,-54.854,328.1,1,1,2015-11-29, 02:10,T,100,5.0       ,292.7,32
-3.196,-54.748,310.5,1,1,2015-11-29, 02:10,T,71,5.0       ,296.4,9.9
-3.197,-54.757,306.9,1,1,2015-11-29, 02:10,T,49,5.0       ,296.1,7
-2.76,-51.963,309.9,1.4,1.2,2015-11-29, 02:10,T,68,5.0       ,293.6,16.6
-3.05,-53.932,309.3,1.1,1,2015-11-29, 02:10,T,39,5.0       ,295.3,9.1
-3.157,-54.67,309.4,1,1,2015-11-29, 02:10,T,63,5.0       ,295.9,8.1
-3.097,-54.316,310.4,1,1,2015-11-29, 02:10,T,30,5.0       ,295.9,9
-3.098,-54.325,312.7,1,1,2015-11-29, 02:10,T,64,5.0       ,296.1,11.7
-3.127,-54.526,310.7,1,1,2015-11-29, 02:10,T,72,5.0       ,296.8,10.5
-3.136,-54.59,308.1,1,1,2015-11-29, 02:10,T,59,5.0       ,296.5,6.1
-3.088,-54.313,312.1,1,1,2015-11-29, 02:10,T,44,5.0       ,295.6,11.4
-3.091,-54.332,307.8,1,1,2015-11-29, 02:10,T,18,5.0       ,296.1,7.2
-3.136,-54.651,312,1,1,2015-11-29, 02:10,T,77,5.0       ,296.6,10.7
-3.079,-54.315,307.2,1,1,2015-11-29, 02:10,T,15,5.0       ,295.6,6.8
-3.104,-54.489,309.2,1,1,2015-11-29, 02:10,T,65,5.0       ,297.3,8.4
-2.719,-51.876,307.5,1.4,1.2,2015-11-29, 02:10,T,54,5.0       ,286,18.2
-2.721,-51.888,307.9,1.4,1.2,2015-11-29, 02:10,T,58,5.0       ,286.3,18.4
-38.178,-73.433,313,1.1,1,2015-11-29, 03:40,T,80,5.0       ,282.4,23.7
-34.106,-70.455,307.3,1.1,1,2015-11-29, 03:40,T,53,5.0       ,283.2,20.1
-12.041,-37.908,305.6,2.1,1.4,2015-11-29, 03:35,A,34,5.0       ,290.1,28.6
-18.516,-39.993,306.8,2.3,1.5,2015-11-29, 03:35,A,49,5.0       ,287.1,49.4
-20.24,-40.231,309.8,2.2,1.4,2015-11-29, 03:35,A,68,5.0       ,289.4,41.9
-20.25,-40.24,305.4,2.2,1.4,2015-11-29, 03:35,A,13,5.0       ,289.1,33.1
-10.136,-36.313,331.3,1.7,1.3,2015-11-29, 03:30,A,100,5.0       ,294.3,86.4
-10.138,-36.298,351.8,1.7,1.3,2015-11-29, 03:30,A,100,5.0       ,295.4,173.1
-4.301,-46.055,326.5,3.6,1.8,2015-11-29, 02:10,T,100,5.0       ,287.3,190.2
-5.036,-50.759,306,1.5,1.2,2015-11-29, 02:10,T,40,5.0       ,292.8,15.7
-4.309,-46.061,309.1,3.6,1.8,2015-11-29, 02:10,T,64,5.0       ,287.3,68.6
-4.288,-46.032,305.1,3.6,1.8,2015-11-29, 02:10,T,10,5.0       ,288.2,42.9
-4.293,-46.064,314.5,3.6,1.8,2015-11-29, 02:10,T,85,5.0       ,288.2,100.5
-4.864,-50.907,309.5,1.5,1.2,2015-11-29, 02:10,T,66,5.0       ,291.9,21.6
-4.148,-46.603,309.4,3.3,1.7,2015-11-29, 02:10,T,66,5.0       ,291.3,56.8
-4.132,-46.604,308.3,3.3,1.7,2015-11-29, 02:10,T,60,5.0       ,291.4,50.5
-4.131,-46.579,308.4,3.3,1.7,2015-11-29, 02:10,T,60,5.0       ,291.2,54.8
-4.136,-46.609,312.1,3.3,1.7,2015-11-29, 02:10,T,77,5.0       ,291.4,74.4
-3.825,-46.969,315.3,3.1,1.7,2015-11-29, 02:10,T,88,5.0       ,291.1,83
-3.827,-46.975,317.6,3.1,1.7,2015-11-29, 02:10,T,94,5.0       ,290.7,98.5
-3.481,-46.604,306.1,3.4,1.7,2015-11-29, 02:10,T,42,5.0       ,291.1,43.1
-3.466,-46.607,311.8,3.4,1.7,2015-11-29, 02:10,T,76,5.0       ,291.2,72.9
-3.268,-45.877,309.5,3.9,1.8,2015-11-29, 02:10,T,67,5.0       ,290.8,81.1
-3.274,-45.912,316.2,3.8,1.8,2015-11-29, 02:10,T,90,5.0       ,290.7,128
-3.279,-45.881,313.7,3.9,1.8,2015-11-29, 02:10,T,83,5.0       ,290.8,112.1
-3.284,-45.915,311.7,3.8,1.8,2015-11-29, 02:10,T,76,5.0       ,290.6,96.2
-3.12,-45.307,310.3,4.3,1.9,2015-11-29, 02:10,T,70,5.0       ,290.4,105.1
-3.993,-51.005,305.7,1.5,1.2,2015-11-29, 02:10,T,35,5.0       ,293.6,12.6
-3.118,-45.315,307.6,4.3,1.9,2015-11-29, 02:10,T,56,5.0       ,290.4,85.4
-3.73,-49.79,306.2,1.9,1.3,2015-11-29, 02:10,T,33,5.0       ,278.2,27.4
-3.733,-49.806,311,1.9,1.3,2015-11-29, 02:10,T,36,5.0       ,287.1,36.7
-4.616,-56.124,317.2,1,1,2015-11-29, 02:10,T,93,5.0       ,296.5,19.2
-3.674,-50.471,318.4,1.7,1.3,2015-11-29, 02:10,T,96,5.0       ,291.5,44.6
-3.676,-50.486,307.1,1.7,1.3,2015-11-29, 02:10,T,51,5.0       ,291.2,20.1
-3.662,-50.473,311.8,1.7,1.3,2015-11-29, 02:10,T,76,5.0       ,289.8,29.6
-3.742,-51.549,307,1.4,1.2,2015-11-29, 02:10,T,51,5.0       ,294.3,14.3
-4.358,-55.931,307.4,1,1,2015-11-29, 02:10,T,54,5.0       ,295.8,8.9
-3.964,-53.63,309.9,1.1,1,2015-11-29, 02:10,T,64,5.0       ,292.3,12.5
-3.955,-53.631,305.7,1.1,1,2015-11-29, 02:10,T,16,5.0       ,290.4,7.8
-3.327,-49.719,313.9,1.9,1.4,2015-11-29, 02:10,T,84,5.0       ,275.9,50.7
-3.324,-49.725,310.3,1.9,1.4,2015-11-29, 02:10,T,70,5.0       ,274.2,39.9
-3.736,-52.62,312.6,1.2,1.1,2015-11-29, 02:10,T,54,5.0       ,292.4,18.2
-3.856,-53.583,305,1.1,1,2015-11-29, 02:10,T,13,5.0       ,286.4,10
-3.389,-50.487,309.4,1.7,1.3,2015-11-29, 02:10,T,66,5.0       ,276.9,30.4
-3.424,-50.795,305.4,1.6,1.2,2015-11-29, 02:10,T,29,5.0       ,289.5,15.7
-3.828,-53.518,311.2,1.1,1,2015-11-29, 02:10,T,74,5.0       ,283,16.6
-4.122,-55.826,308.2,1,1,2015-11-29, 02:10,T,59,5.0       ,296,9.5
-3.326,-50.684,306.7,1.6,1.3,2015-11-29, 02:10,T,48,5.0       ,294.2,15.6
-2.979,-48.727,307.2,2.3,1.5,2015-11-29, 02:10,T,53,5.0       ,289.4,34.4
-3.235,-50.688,311.6,1.6,1.3,2015-11-29, 02:10,T,75,5.0       ,288.5,32.2
-3.656,-53.664,306.9,1.1,1,2015-11-29, 02:10,T,50,5.0       ,291.2,9.9
-2.641,-47.09,305.2,3.2,1.7,2015-11-29, 02:10,T,22,5.0       ,289.7,39.5
-3.959,-56.103,316.7,1,1,2015-11-29, 02:10,T,92,5.0       ,296.9,18.4
-3.961,-56.112,381.8,1,1,2015-11-29, 02:10,T,100,5.0       ,302.7,174.9
-3.962,-56.121,327.4,1,1,2015-11-29, 02:10,T,100,5.0       ,296.9,31.8
-2.602,-46.925,307.2,3.3,1.7,2015-11-29, 02:10,T,52,5.0       ,287.3,57.7
-3.76,-54.767,321.9,1,1,2015-11-29, 02:10,T,100,5.0       ,294,24.5
-3.95,-56.104,314.2,1,1,2015-11-29, 02:10,T,85,5.0       ,296,15.5
-3.952,-56.113,322.2,1,1,2015-11-29, 02:10,T,100,5.0       ,296.8,24.9
-3.608,-53.775,309.7,1.1,1,2015-11-29, 02:10,T,67,5.0       ,278.4,15.9
-3.744,-54.723,322.2,1,1,2015-11-29, 02:10,T,100,5.0       ,294.2,24.5
-3.022,-54.048,315,1.1,1,2015-11-29, 02:10,T,87,5.0       ,296.5,15.5
-3.023,-54.057,311.6,1.1,1,2015-11-29, 02:10,T,68,5.0       ,296.3,11.8
-3.075,-54.418,309.1,1,1,2015-11-29, 02:10,T,57,5.0       ,296.8,8.4
-3.076,-54.427,311.4,1,1,2015-11-29, 02:10,T,75,5.0       ,297.5,11
-3.013,-54.049,309.8,1.1,1,2015-11-29, 02:10,T,68,5.0       ,296.1,10.5
-3.061,-54.383,307.9,1,1,2015-11-29, 02:10,T,57,5.0       ,296.3,7.9
-3.048,-54.357,307.2,1,1,2015-11-29, 02:10,T,34,5.0       ,297.1,6.7
-3.047,-54.413,313.5,1,1,2015-11-29, 02:10,T,82,5.0       ,296.8,12.1
-3.012,-54.239,308.1,1,1,2015-11-29, 02:10,T,28,5.0       ,295.5,7.6
-2.819,-52.978,317,1.2,1.1,2015-11-29, 02:10,T,92,5.0       ,296.4,22.5
-2.82,-52.989,327.8,1.2,1.1,2015-11-29, 02:10,T,100,5.0       ,296.7,39.8
-3.003,-54.241,317.1,1,1,2015-11-29, 02:10,T,93,5.0       ,296.6,16.5
-2.963,-54.082,311.1,1.1,1,2015-11-29, 02:10,T,15,5.0       ,296.8,9.4
-2.964,-54.091,314.7,1.1,1,2015-11-29, 02:10,T,61,5.0       ,297,13.6
-2.955,-54.092,317.5,1.1,1,2015-11-29, 02:10,T,94,5.0       ,297.3,17
-2.956,-54.102,312.9,1.1,1,2015-11-29, 02:10,T,70,5.0       ,297,11.7
-2.97,-54.195,308.8,1,1,2015-11-29, 02:10,T,23,5.0       ,296.9,8
-2.983,-54.288,314.9,1,1,2015-11-29, 02:10,T,87,5.0       ,297.2,13.2
-2.955,-54.159,308.7,1,1,2015-11-29, 02:10,T,45,5.0       ,296.7,7.9
-2.961,-54.196,321.1,1,1,2015-11-29, 02:10,T,100,5.0       ,297.8,20.9
-2.977,-54.307,310.6,1,1,2015-11-29, 02:10,T,34,5.0       ,297.1,7.8
-3.022,-54.628,308.8,1,1,2015-11-29, 02:10,T,19,5.0       ,297.2,7.8
-2.933,-54.067,309.1,1.1,1,2015-11-29, 02:10,T,17,5.0       ,296.6,8.4
-2.942,-54.132,309.6,1,1,2015-11-29, 02:10,T,45,5.0       ,296.6,8.3
-2.947,-54.17,312.6,1,1,2015-11-29, 02:10,T,9,5.0       ,296.5,9.8
-2.967,-54.309,311.6,1,1,2015-11-29, 02:10,T,75,5.0       ,296.9,9
3.427,-51.263,308.7,1.1,1,2015-11-29, 05:05,A,55,5.0       ,294.1,12.6
3.425,-51.253,316.7,1.1,1,2015-11-29, 05:05,A,92,5.0       ,293.5,21.6
1.845,-50.622,306.5,1.2,1.1,2015-11-29, 05:05,A,46,5.0       ,293.5,13.6
1.679,-50.68,308.3,1.2,1.1,2015-11-29, 05:05,A,60,5.0       ,292.8,15.5
1.669,-50.681,323.8,1.2,1.1,2015-11-29, 05:05,A,100,5.0       ,295.1,37.9
-3.004,-54.565,309.2,1,1,2015-11-29, 02:10,T,65,5.0       ,297.5,8.5
-3.013,-54.629,312.3,1,1,2015-11-29, 02:10,T,17,5.0       ,297.6,10
-3.015,-54.638,315.6,1,1,2015-11-29, 02:10,T,51,5.0       ,297.9,13.4
-3.016,-54.647,311.1,1,1,2015-11-29, 02:10,T,31,5.0       ,297.5,9.2
-3.017,-54.656,322.2,1,1,2015-11-29, 02:10,T,100,5.0       ,297.6,22.5
-2.938,-54.171,311.7,1,1,2015-11-29, 02:10,T,27,5.0       ,296.6,8.3
-2.992,-54.549,311.2,1,1,2015-11-29, 02:10,T,53,5.0       ,297.6,9.4
-2.994,-54.558,335.7,1,1,2015-11-29, 02:10,T,100,5.0       ,298.8,41.7
-2.995,-54.567,328.2,1,1,2015-11-29, 02:10,T,100,5.0       ,298.1,30.1
-3.006,-54.64,319.7,1,1,2015-11-29, 02:10,T,99,5.0       ,298.3,18.3
-3.007,-54.649,309.4,1,1,2015-11-29, 02:10,T,47,5.0       ,296.8,7.8
-2.983,-54.55,314.3,1,1,2015-11-29, 02:10,T,85,5.0       ,297.5,12.9
-2.985,-54.559,311.5,1,1,2015-11-29, 02:10,T,38,5.0       ,297.5,9.4
-2.995,-54.632,311.7,1,1,2015-11-29, 02:10,T,32,5.0       ,297.7,9.1
-2.996,-54.641,320.2,1,1,2015-11-29, 02:10,T,100,5.0       ,297.2,18.8
-2.998,-54.65,310.6,1,1,2015-11-29, 02:10,T,55,5.0       ,296.4,8.9
-2.285,-49.861,305.5,2,1.4,2015-11-29, 02:10,T,32,5.0       ,291.5,19.4
-2.939,-54.304,310.2,1,1,2015-11-29, 02:10,T,32,5.0       ,297.5,7.8
-2.985,-54.624,310.3,1,1,2015-11-29, 02:10,T,42,5.0       ,297.5,7.8
-2.986,-54.633,326.1,1,1,2015-11-29, 02:10,T,100,5.0       ,297.6,26.2
-3.026,-54.913,313.5,1,1,2015-11-29, 02:10,T,50,5.0       ,296.3,13.2
-3.028,-54.922,311.5,1,1,2015-11-29, 02:10,T,31,5.0       ,296.4,10.4
-2.93,-54.305,331.8,1,1,2015-11-29, 02:10,T,100,5.0       ,297.8,35.9
-2.931,-54.314,309.1,1,1,2015-11-29, 02:10,T,30,5.0       ,296.8,7.3
-2.976,-54.625,311.6,1,1,2015-11-29, 02:10,T,74,5.0       ,297.4,9.9
-2.886,-54.131,314,1,1,2015-11-29, 02:10,T,38,5.0       ,297,12.5
-2.889,-54.15,313.8,1,1,2015-11-29, 02:10,T,56,5.0       ,297.2,11.9
-2.89,-54.159,318.2,1,1,2015-11-29, 02:10,T,95,5.0       ,297.3,16.9
-2.901,-54.234,313,1,1,2015-11-29, 02:10,T,81,5.0       ,296.7,11.2
-2.876,-54.119,325,1.1,1,2015-11-29, 02:10,T,100,5.0       ,297.5,27.7
-2.882,-54.157,317.4,1,1,2015-11-29, 02:10,T,93,5.0       ,297.2,16.4
-2.883,-54.166,314.3,1,1,2015-11-29, 02:10,T,77,5.0       ,297,12.9
-2.902,-54.296,309.8,1,1,2015-11-29, 02:10,T,21,5.0       ,296.9,6.8
-2.867,-54.121,309.6,1.1,1,2015-11-29, 02:10,T,11,5.0       ,295.6,8.8
-2.873,-54.158,308.6,1,1,2015-11-29, 02:10,T,14,5.0       ,296.8,6.8
-2.923,-54.574,308.2,1,1,2015-11-29, 02:10,T,59,5.0       ,296.8,8.1
-3.369,-57.712,316.4,1.2,1.1,2015-11-29, 02:10,T,91,5.0       ,294,20.9
-2.85,-54.133,308.4,1,1,2015-11-29, 02:10,T,35,5.0       ,296.4,8.2
-2.852,-54.142,309.6,1,1,2015-11-29, 02:10,T,35,5.0       ,296.9,8.7
-2.853,-54.218,314.4,1,1,2015-11-29, 02:10,T,85,5.0       ,296.7,12.1
-2.908,-54.604,308.7,1,1,2015-11-29, 02:10,T,62,5.0       ,297.1,9.2
-39.418,-71.937,324.1,1,1,2015-11-29, 03:40,T,100,5.0       ,269.6,40.1
-39.419,-71.949,312.1,1,1,2015-11-29, 03:40,T,77,5.0       ,270.4,25.8
-0.082,-77.654,324.8,1.3,1.1,2015-11-29, 03:50,T,100,5.0       ,280.9,54.2
1.305,-50.495,313.9,1.3,1.1,2015-11-29, 05:05,A,35,5.0       ,293.6,21.2
1.298,-50.519,310.3,1.2,1.1,2015-11-29, 05:05,A,70,5.0       ,295.5,17.2
1.293,-50.485,308.5,1.3,1.1,2015-11-29, 05:05,A,32,5.0       ,293.3,15.1
1.281,-50.476,335,1.3,1.1,2015-11-29, 05:05,A,100,5.0       ,297.8,62.1
1.282,-50.482,325,1.3,1.1,2015-11-29, 05:05,A,100,5.0       ,295.9,40.1
1.281,-50.471,321.3,1.3,1.1,2015-11-29, 05:05,A,100,5.0       ,294.5,34.7
1.272,-50.484,330.6,1.3,1.1,2015-11-29, 05:05,A,100,5.0       ,297,52.4
1.271,-50.472,326.3,1.3,1.1,2015-11-29, 05:05,A,100,5.0       ,295,44.7
1.262,-50.485,312,1.3,1.1,2015-11-29, 05:05,A,77,5.0       ,293.8,21.9
1.246,-50.578,307.4,1.2,1.1,2015-11-29, 05:05,A,29,5.0       ,294.5,12.7
1.244,-50.567,306.8,1.2,1.1,2015-11-29, 05:05,A,24,5.0       ,294.6,11.8
1.216,-50.515,317.8,1.3,1.1,2015-11-29, 05:05,A,94,5.0       ,296,30.2
1.214,-50.503,313.7,1.3,1.1,2015-11-29, 05:05,A,83,5.0       ,294.5,24.3
1.208,-50.527,312.2,1.2,1.1,2015-11-29, 05:05,A,78,5.0       ,294.4,21.7
1.206,-50.516,352.2,1.3,1.1,2015-11-29, 05:05,A,100,5.0       ,301.4,110
1.204,-50.505,345.5,1.3,1.1,2015-11-29, 05:05,A,100,5.0       ,299.1,90.3
0.971,-50.725,312.9,1.2,1.1,2015-11-29, 05:10,A,80,5.0       ,290.8,21.4
0.307,-53.393,307.9,1,1,2015-11-29, 05:10,A,57,5.0       ,289.2,11
-0.123,-51.578,308.4,1.1,1.1,2015-11-29, 05:10,A,60,5.0       ,291.8,13.8
-0.665,-51.784,314.5,1.1,1.1,2015-11-29, 05:10,A,85,5.0       ,293.1,18.3
-0.666,-51.774,309.9,1.1,1.1,2015-11-29, 05:10,A,59,5.0       ,293.3,12.8
-0.673,-51.796,314,1.1,1.1,2015-11-29, 05:10,A,78,5.0       ,293.8,17.7
-0.685,-51.777,308.1,1.1,1.1,2015-11-29, 05:10,A,27,5.0       ,293.9,10.8
-0.751,-52.395,312,1.1,1,2015-11-29, 05:10,A,77,5.0       ,294.5,14.5
-0.787,-52.342,311.3,1.1,1,2015-11-29, 05:10,A,74,5.0       ,293.7,13.2
-0.781,-52.505,305.3,1.1,1,2015-11-29, 05:10,A,26,5.0       ,294.3,7
-0.973,-52.39,307,1.1,1,2015-11-29, 05:10,A,50,5.0       ,291.2,10.3
-1.121,-52.073,313.2,1.1,1,2015-11-29, 05:10,A,81,5.0       ,293.2,16.7
-1.216,-52.122,306.4,1.1,1,2015-11-29, 05:10,A,39,5.0       ,294,8.3
-1.148,-54.015,306,1,1,2015-11-29, 05:10,A,23,5.0       ,294.5,7.3
-1.207,-53.806,310.5,1,1,2015-11-29, 05:10,A,71,5.0       ,295.4,11.5
-1.218,-53.726,306.9,1,1,2015-11-29, 05:10,A,35,5.0       ,295.4,6.6
-1.18,-54.047,315.2,1,1,2015-11-29, 05:10,A,87,5.0       ,295.4,15.5
-1.202,-53.896,311.9,1,1,2015-11-29, 05:10,A,77,5.0       ,294.7,13.1
-1.276,-53.707,308,1,1,2015-11-29, 05:10,A,55,5.0       ,295.2,7.7
-2.043,-49.457,311.5,1.6,1.3,2015-11-29, 05:10,A,75,5.0       ,294.1,24.5
-2.522,-47.142,305,2.5,1.5,2015-11-29, 05:10,A,10,5.0       ,291.2,34.3
-2.514,-47.148,306.5,2.5,1.5,2015-11-29, 05:10,A,46,5.0       ,291.1,39.4
-1.652,-53.28,310.3,1,1,2015-11-29, 05:10,A,70,5.0       ,294.4,10.9
-1.582,-53.82,306.7,1,1,2015-11-29, 05:10,A,48,5.0       ,293.9,9.2
-1.652,-53.409,307.3,1,1,2015-11-29, 05:10,A,53,5.0       ,293.8,8.9
-1.673,-53.514,306.1,1,1,2015-11-29, 05:10,A,42,5.0       ,294.2,8.5
-1.909,-52.089,309.5,1.1,1.1,2015-11-29, 05:10,A,67,5.0       ,293.8,13.9
-1.91,-52.079,305.4,1.1,1.1,2015-11-29, 05:10,A,27,5.0       ,292.9,8.8
-1.918,-52.09,311.4,1.1,1.1,2015-11-29, 05:10,A,72,5.0       ,294,15.9
-1.92,-52.08,309.2,1.1,1.1,2015-11-29, 05:10,A,57,5.0       ,294,12.6
-1.697,-54.167,314.8,1,1,2015-11-29, 05:10,A,86,5.0       ,293.5,16.6
-1.637,-55.011,320.4,1,1,2015-11-29, 05:10,A,100,5.0       ,296.2,23.1
-2.116,-51.997,307.5,1.1,1.1,2015-11-29, 05:10,A,55,5.0       ,293.2,13.3
-2.125,-51.998,316.4,1.1,1.1,2015-11-29, 05:10,A,91,5.0       ,292.8,23.3
-1.742,-54.983,343.7,1,1,2015-11-29, 05:10,A,100,5.0       ,296.8,60.2
-1.743,-54.974,321.5,1,1,2015-11-29, 05:10,A,100,5.0       ,295.8,24.3
-2.201,-53.681,305.2,1,1,2015-11-29, 05:10,A,22,5.0       ,294.7,6.9
-3.239,-47.85,305.4,2.3,1.5,2015-11-29, 05:10,A,30,5.0       ,291.8,26.7
-2.714,-51.878,309.3,1.2,1.1,2015-11-29, 05:10,A,65,5.0       ,292.5,13.3
-2.724,-51.879,312.6,1.2,1.1,2015-11-29, 05:10,A,79,5.0       ,292.3,16.7
-2.754,-51.964,308.6,1.2,1.1,2015-11-29, 05:10,A,61,5.0       ,291.7,11.7
-3.141,-49.471,305.7,1.7,1.3,2015-11-29, 05:10,A,35,5.0       ,279.7,23.3
-3.699,-45.71,305.1,3.4,1.7,2015-11-29, 05:10,A,17,5.0       ,289.4,62.8
-3.694,-45.715,306.9,3.4,1.7,2015-11-29, 05:10,A,49,5.0       ,289.5,71.9
-2.973,-51.074,314.8,1.3,1.1,2015-11-29, 05:10,A,86,5.0       ,292.4,25.2
-2.337,-55.697,311.2,1.1,1,2015-11-29, 05:10,A,74,5.0       ,292.4,15.2
-2.926,-51.824,318.2,1.2,1.1,2015-11-29, 05:10,A,95,5.0       ,284.8,27.6
-2.819,-52.985,310.7,1.1,1,2015-11-29, 05:10,A,72,5.0       ,294.7,13.1
-2.82,-52.976,308.5,1.1,1,2015-11-29, 05:10,A,61,5.0       ,294.8,10.9
-2.621,-54.778,306.2,1,1,2015-11-29, 05:10,A,43,5.0       ,293.3,9.1
-2.942,-52.58,306.2,1.1,1,2015-11-29, 05:10,A,38,5.0       ,291.8,11.3
-2.943,-52.571,322.4,1.1,1,2015-11-29, 05:10,A,100,5.0       ,294.5,30.6
-3.828,-46.949,307,2.8,1.6,2015-11-29, 05:10,A,49,5.0       ,291.1,36.7
-2.797,-54.199,306.5,1,1,2015-11-29, 05:10,A,46,5.0       ,295.1,8.2
-3.082,-52.305,316.7,1.1,1.1,2015-11-29, 05:10,A,92,5.0       ,294.2,23.1
-3.084,-52.295,305.5,1.1,1.1,2015-11-29, 05:10,A,32,5.0       ,293.2,9.9
-3.831,-46.957,309.2,2.8,1.6,2015-11-29, 05:10,A,65,5.0       ,291.2,48
-2.976,-53.106,306.5,1,1,2015-11-29, 05:10,A,46,5.0       ,289.5,10.9
-2.838,-54.169,306.1,1,1,2015-11-29, 05:10,A,20,5.0       ,294.3,6.4
-2.844,-54.133,305.4,1,1,2015-11-29, 05:10,A,18,5.0       ,291.9,6.9
-2.841,-54.215,308.4,1,1,2015-11-29, 05:10,A,40,5.0       ,291.2,7.7
-3.229,-51.567,310.1,1.2,1.1,2015-11-29, 05:10,A,69,5.0       ,290.4,16.1
-3.387,-50.474,324.6,1.5,1.2,2015-11-29, 05:10,A,100,5.0       ,283.9,53.7
-2.85,-54.216,307.2,1,1,2015-11-29, 05:10,A,23,5.0       ,290.3,6.9
-2.834,-54.386,306.6,1,1,2015-11-29, 05:10,A,47,5.0       ,291.4,8.6
-2.873,-54.119,321.3,1,1,2015-11-29, 05:10,A,91,5.0       ,292.6,22.3
-2.875,-54.11,312.8,1,1,2015-11-29, 05:10,A,63,5.0       ,288.3,14.3
-2.883,-54.126,309,1,1,2015-11-29, 05:10,A,34,5.0       ,294.6,10.1
-2.834,-54.52,305.3,1,1,2015-11-29, 05:10,A,15,5.0       ,292.3,7.6
-2.888,-54.154,312,1,1,2015-11-29, 05:10,A,35,5.0       ,294.4,11.5
-2.904,-54.293,313.3,1,1,2015-11-29, 05:10,A,65,5.0       ,296.9,10.9
-3.243,-51.969,307.2,1.2,1.1,2015-11-29, 05:10,A,52,5.0       ,293.4,12
-2.932,-54.161,312.5,1,1,2015-11-29, 05:10,A,22,5.0       ,294.9,10.1
-2.929,-54.306,315.6,1,1,2015-11-29, 05:10,A,89,5.0       ,296.6,14.8
-2.931,-54.297,318.2,1,1,2015-11-29, 05:10,A,95,5.0       ,297.2,17.6
-2.95,-54.163,314.7,1,1,2015-11-29, 05:10,A,53,5.0       ,295.5,13.5
-2.955,-54.191,313.8,1,1,2015-11-29, 05:10,A,63,5.0       ,296.8,12.6
-2.904,-54.6,305.1,1,1,2015-11-29, 05:10,A,17,5.0       ,293.5,7.9
-2.954,-54.261,312.8,1,1,2015-11-29, 05:10,A,80,5.0       ,295.8,12.3
-2.963,-54.199,312.1,1,1,2015-11-29, 05:10,A,78,5.0       ,295.8,13.2
-2.965,-54.19,311.9,1,1,2015-11-29, 05:10,A,54,5.0       ,295.6,12.4
-2.967,-54.236,307.9,1,1,2015-11-29, 05:10,A,55,5.0       ,294.4,8.4
-2.964,-54.317,306.4,1,1,2015-11-29, 05:10,A,3,5.0       ,292,5.3
-2.978,-54.283,307.5,1,1,2015-11-29, 05:10,A,33,5.0       ,292.9,5.8
-3.014,-54.042,306.8,1,1,2015-11-29, 05:10,A,23,5.0       ,293.1,8.1
-3.021,-54.052,315.9,1,1,2015-11-29, 05:10,A,89,5.0       ,294.9,16.8
-3.003,-54.241,308.8,1,1,2015-11-29, 05:10,A,48,5.0       ,292.8,9
-2.844,-54.219,309.5,1,1,2015-11-29, 02:10,T,15,5.0       ,296.6,6.6
-2.839,-54.38,307.3,1,1,2015-11-29, 02:10,T,52,5.0       ,296.7,6.4
-2.881,-54.673,307.4,1,1,2015-11-29, 02:10,T,54,5.0       ,295.6,7.3
-2.925,-55.043,309.5,1,1,2015-11-29, 02:10,T,66,5.0       ,299.5,7.2
-2.796,-54.204,314,1,1,2015-11-29, 02:10,T,84,5.0       ,296.5,14.1
-2.832,-54.519,308,1,1,2015-11-29, 02:10,T,19,5.0       ,297.2,7
-2.845,-54.61,307.6,1,1,2015-11-29, 02:10,T,55,5.0       ,296.7,7.8
-2.836,-54.612,311.7,1,1,2015-11-29, 02:10,T,63,5.0       ,296.8,11
-2.811,-54.569,310.3,1,1,2015-11-29, 02:10,T,13,5.0       ,296.2,9.3
-2.801,-54.561,308.8,1,1,2015-11-29, 02:10,T,32,5.0       ,296.4,8.3
-2.746,-54.306,306.9,1,1,2015-11-29, 02:10,T,50,5.0       ,295.4,7.2
-2.719,-54.306,312.4,1,1,2015-11-29, 02:10,T,79,5.0       ,296.9,12.6
-2.684,-54.255,307.6,1,1,2015-11-29, 02:10,T,12,5.0       ,296.9,7.3
-2.692,-54.31,308.3,1,1,2015-11-29, 02:10,T,60,5.0       ,296.9,8.4
-2.675,-54.256,311.2,1,1,2015-11-29, 02:10,T,70,5.0       ,296.7,11.1
-2.648,-54.269,305.2,1,1,2015-11-29, 02:10,T,25,5.0       ,294.9,6.3
-2.757,-55.223,312.2,1,1,2015-11-29, 02:10,T,78,5.0       ,298.2,10.9
-2.621,-54.785,314.7,1,1,2015-11-29, 02:10,T,86,5.0       ,294.1,16.2
-2.122,-52.001,322.7,1.4,1.2,2015-11-29, 02:10,T,100,5.0       ,293.4,40.6
-2.124,-52.013,307.5,1.4,1.2,2015-11-29, 02:10,T,55,5.0       ,291.7,14.6
-2.116,-52.008,314.6,1.4,1.2,2015-11-29, 02:10,T,86,5.0       ,292.8,25
-2.864,-57.804,307.5,1.2,1.1,2015-11-29, 02:10,T,55,5.0       ,293.7,10.9
-2.866,-57.814,306.7,1.2,1.1,2015-11-29, 02:10,T,47,5.0       ,293.6,10
-2.204,-53.676,308.1,1.1,1,2015-11-29, 02:10,T,58,5.0       ,292.7,10.6
-2.205,-53.686,307.9,1.1,1,2015-11-29, 02:10,T,57,5.0       ,293.2,10.1
-2.508,-56.122,308.9,1,1,2015-11-29, 02:10,T,24,5.0       ,296.1,8.1
-1.923,-52.086,309.5,1.4,1.2,2015-11-29, 02:10,T,66,5.0       ,295.1,14.9
-2.499,-56.124,309.2,1,1,2015-11-29, 02:10,T,55,5.0       ,296,8.3
-1.912,-52.088,315.4,1.4,1.2,2015-11-29, 02:10,T,88,5.0       ,294.5,23.7
-1.914,-52.1,305.8,1.4,1.2,2015-11-29, 02:10,T,18,5.0       ,294.2,9.2
-2.496,-56.161,306.2,1,1,2015-11-29, 02:10,T,42,5.0       ,296.2,6.1
-2.503,-56.215,310,1,1,2015-11-29, 02:10,T,69,5.0       ,296.2,9.5
-2.145,-53.771,314,1.1,1,2015-11-29, 02:10,T,84,5.0       ,294.8,16.5
-2.146,-53.781,316.6,1.1,1,2015-11-29, 02:10,T,91,5.0       ,295.5,19.6
-2.253,-55.879,305.1,1,1,2015-11-29, 02:10,T,19,5.0       ,295.1,6.2
-1.883,-54.2,307.3,1.1,1,2015-11-29, 02:10,T,53,5.0       ,296.8,6.8
-1.886,-54.219,310.8,1.1,1,2015-11-29, 02:10,T,72,5.0       ,297.3,9.9
-1.004,-48.046,307.3,2.9,1.6,2015-11-29, 02:10,T,53,5.0       ,292.2,47.1
-1.878,-54.217,310.2,1.1,1,2015-11-29, 02:10,T,70,5.0       ,297.1,10.5
-1.88,-54.226,308,1.1,1,2015-11-29, 02:10,T,58,5.0       ,296.8,8.3
-1.653,-53.414,312.4,1.1,1.1,2015-11-29, 02:10,T,79,5.0       ,296,14.9
-1.668,-53.516,305.8,1.1,1.1,2015-11-29, 02:10,T,38,5.0       ,295.5,8.3
-1.782,-54.38,334.6,1,1,2015-11-29, 02:10,T,100,5.0       ,296.3,45
-1.783,-54.389,343.4,1,1,2015-11-29, 02:10,T,100,5.0       ,297,61.8
-1.805,-54.547,315.6,1,1,2015-11-29, 02:10,T,89,5.0       ,294.1,18.4
-1.673,-53.821,306.6,1.1,1,2015-11-29, 02:10,T,47,5.0       ,296.3,7.8
-1.705,-54.171,356.4,1.1,1,2015-11-29, 02:10,T,100,5.0       ,299,96.3
-1.706,-54.18,317.7,1.1,1,2015-11-29, 02:10,T,94,5.0       ,295.1,21.2
-1.695,-54.172,314.4,1.1,1,2015-11-29, 02:10,T,85,5.0       ,294.1,17.5
-1.748,-54.981,370.1,1,1,2015-11-29, 02:10,T,100,5.0       ,299.5,127.7
-1.749,-54.99,349,1,1,2015-11-29, 02:10,T,100,5.0       ,298,69.3
-1.762,-55.661,309.2,1,1,2015-11-29, 02:10,T,65,5.0       ,295,9.2
-1.231,-52.117,307.7,1.4,1.2,2015-11-29, 02:10,T,56,5.0       ,294.6,12.6
-1.671,-55.155,309.6,1,1,2015-11-29, 02:10,T,53,5.0       ,296.6,8
-1.673,-55.164,309,1,1,2015-11-29, 02:10,T,64,5.0       ,296.6,7.5
-1.674,-55.173,309.6,1,1,2015-11-29, 02:10,T,61,5.0       ,296.6,8
-1.642,-55.012,351.5,1,1,2015-11-29, 02:10,T,100,5.0       ,298.8,74.2
-1.643,-55.021,320.3,1,1,2015-11-29, 02:10,T,100,5.0       ,297.2,19.2
-1.633,-55.013,316.4,1,1,2015-11-29, 02:10,T,91,5.0       ,296.2,16
-1.634,-55.022,308,1,1,2015-11-29, 02:10,T,29,5.0       ,296.5,6.7
-1.215,-52.126,306.5,1.4,1.2,2015-11-29, 02:10,T,44,5.0       ,294.6,10.9
-1.626,-55.158,307.4,1,1,2015-11-29, 02:10,T,53,5.0       ,296.5,7.1
-1.122,-52.076,318.5,1.4,1.2,2015-11-29, 02:10,T,96,5.0       ,286.8,33.6
-1.124,-52.088,308.4,1.4,1.2,2015-11-29, 02:10,T,8,5.0       ,287.4,15.7
-1.32,-53.492,306.9,1.1,1.1,2015-11-29, 02:10,T,49,5.0       ,294.8,9.8
-1.322,-53.502,308.1,1.1,1.1,2015-11-29, 02:10,T,59,5.0       ,294.3,11.2
-1.259,-53.704,305.2,1.1,1.1,2015-11-29, 02:10,T,17,5.0       ,293.3,6
-1.276,-53.823,305.1,1.1,1.1,2015-11-29, 02:10,T,14,5.0       ,294.5,7.1
-1.454,-55.113,308.1,1,1,2015-11-29, 02:10,T,59,5.0       ,296.7,9.2
-1.139,-53.035,309.5,1.2,1.1,2015-11-29, 02:10,T,67,5.0       ,294,14.4
-1.421,-55.081,311.4,1,1,2015-11-29, 02:10,T,75,5.0       ,296.9,12.1
-1.014,-52.305,308.6,1.4,1.2,2015-11-29, 02:10,T,62,5.0       ,294.4,14.3
-1.016,-52.317,314.6,1.4,1.2,2015-11-29, 02:10,T,86,5.0       ,294.4,23.6
-1.211,-53.808,307.4,1.1,1.1,2015-11-29, 02:10,T,50,5.0       ,294.5,9
-1.202,-53.81,306.3,1.1,1.1,2015-11-29, 02:10,T,35,5.0       ,295.2,7.9
-1.205,-53.9,314.2,1.1,1,2015-11-29, 02:10,T,85,5.0       ,295.6,17
-1.182,-54.049,318.7,1.1,1,2015-11-29, 02:10,T,97,5.0       ,296.4,21.1
-1.184,-54.058,308,1.1,1,2015-11-29, 02:10,T,58,5.0       ,296.1,8.8
-0.977,-52.828,308.8,1.3,1.1,2015-11-29, 02:10,T,63,5.0       ,294.2,13.5
-0.902,-52.659,312.3,1.3,1.1,2015-11-29, 02:10,T,78,5.0       ,294.6,19.1
-0.787,-52.345,306.5,1.4,1.2,2015-11-29, 02:10,T,30,5.0       ,291,11.1
-0.685,-51.775,305.6,1.5,1.2,2015-11-29, 02:10,T,35,5.0       ,292.5,13.3
-0.674,-51.777,311.5,1.5,1.2,2015-11-29, 02:10,T,75,5.0       ,293,21.7
-0.676,-51.79,331.6,1.5,1.2,2015-11-29, 02:10,T,100,5.0       ,293.7,66.2
-0.678,-51.804,318.3,1.5,1.2,2015-11-29, 02:10,T,96,5.0       ,293.1,34.2
-0.752,-52.399,311.1,1.4,1.2,2015-11-29, 02:10,T,73,5.0       ,291.4,19
-0.539,-51.707,305.6,1.5,1.2,2015-11-29, 02:10,T,33,5.0       ,287.8,17.2
0.968,-50.723,307.7,1.9,1.3,2015-11-29, 02:10,T,56,5.0       ,290.7,27.4
1.208,-50.504,327.5,2,1.4,2015-11-29, 02:10,T,100,5.0       ,289.8,93.1
1.205,-50.522,346.4,2,1.4,2015-11-29, 02:10,T,100,5.0       ,292.7,181.9
1.202,-50.54,305.5,2,1.4,2015-11-29, 02:10,T,31,5.0       ,288.5,25.1
1.21,-50.511,337.5,2,1.4,2015-11-29, 02:10,T,100,5.0       ,291.3,136.1
1.208,-50.529,324.5,2,1.4,2015-11-29, 02:10,T,100,5.0       ,289.6,80.5
1.237,-50.587,307.7,2,1.4,2015-11-29, 02:10,T,56,5.0       ,290.2,27.8
1.264,-50.483,318.9,2,1.4,2015-11-29, 02:10,T,97,5.0       ,288.1,63.8
1.262,-50.501,307.1,2,1.4,2015-11-29, 02:10,T,51,5.0       ,288.5,29.4
1.277,-50.484,328.9,2,1.4,2015-11-29, 02:10,T,100,5.0       ,289.6,95.8
1.299,-50.506,307.6,2,1.4,2015-11-29, 02:10,T,55,5.0       ,288.8,30.2
1.296,-50.524,307,2,1.4,2015-11-29, 02:10,T,51,5.0       ,289.8,27.4
1.669,-50.679,309.7,2,1.4,2015-11-29, 02:15,T,67,5.0       ,285.3,39.3
0.953,-59.689,309.1,1.3,1.1,2015-11-29, 02:15,T,64,5.0       ,282.7,19
3.42,-51.26,307.3,1.9,1.3,2015-11-29, 02:15,T,53,5.0       ,292.9,24.9
3.436,-51.228,307.2,1.9,1.3,2015-11-29, 02:15,T,44,5.0       ,293.4,23
3.434,-51.245,321.3,1.9,1.3,2015-11-29, 02:15,T,100,5.0       ,293.7,61.5
3.432,-51.262,319.8,1.9,1.3,2015-11-29, 02:15,T,99,5.0       ,294,56.1
4.809,-52.495,308.1,1.6,1.2,2015-11-29, 02:15,T,59,5.0       ,292.9,20.1
9.386,-64.544,307.3,2.2,1.4,2015-11-29, 02:15,T,53,5.0       ,290.5,28.4
9.385,-64.549,306,2.2,1.4,2015-11-29, 02:15,T,39,5.0       ,290.7,26
10.056,-64.857,307.5,2.3,1.5,2015-11-29, 02:15,T,54,5.0       ,291.3,28.3
-3.004,-54.232,309.3,1,1,2015-11-29, 05:10,A,52,5.0       ,292.1,9.8
-2.985,-54.548,310.3,1,1,2015-11-29, 05:10,A,50,5.0       ,296.1,10
-4.137,-46.593,309.2,3,1.6,2015-11-29, 05:10,A,65,5.0       ,290.5,57.2
-2.993,-54.558,321.1,1,1,2015-11-29, 05:10,A,100,5.0       ,295.9,21.6
-3.002,-54.565,306.1,1,1,2015-11-29, 05:10,A,42,5.0       ,295.2,7.6
-3,-54.638,320.5,1,1,2015-11-29, 05:10,A,92,5.0       ,296.7,19.9
-3.008,-54.648,312.5,1,1,2015-11-29, 05:10,A,41,5.0       ,296.3,11.4
-3.011,-54.63,310.7,1,1,2015-11-29, 05:10,A,7,5.0       ,296.6,9.3
-4.138,-46.599,305.8,3,1.6,2015-11-29, 05:10,A,37,5.0       ,290.4,41.9
-4.141,-46.572,306.6,3,1.6,2015-11-29, 05:10,A,47,5.0       ,290.6,45.9
-3.016,-54.658,307.3,1,1,2015-11-29, 05:10,A,53,5.0       ,296.1,7.6
-3.017,-54.649,311.8,1,1,2015-11-29, 05:10,A,76,5.0       ,296.4,11.6
-3.069,-54.42,307.4,1,1,2015-11-29, 05:10,A,17,5.0       ,295.6,7.2
-3.078,-54.421,309.2,1,1,2015-11-29, 05:10,A,58,5.0       ,294.7,9.7
-3.094,-54.315,311.6,1,1,2015-11-29, 05:10,A,64,5.0       ,291.7,12.5
-3.269,-53.185,311.1,1,1,2015-11-29, 05:10,A,73,5.0       ,291.4,14.4
-3.27,-53.175,332.1,1,1,2015-11-29, 05:10,A,100,5.0       ,294.2,42.4
-3.663,-50.477,307.9,1.5,1.2,2015-11-29, 05:10,A,57,5.0       ,292.9,16.5
-3.665,-50.464,314.7,1.5,1.2,2015-11-29, 05:10,A,86,5.0       ,292.9,28.3
-3.024,-54.915,309.3,1,1,2015-11-29, 05:10,A,30,5.0       ,295.4,9.5
-3.674,-50.478,309,1.5,1.2,2015-11-29, 05:10,A,64,5.0       ,293.4,18.1
-3.676,-50.465,311,1.5,1.2,2015-11-29, 05:10,A,73,5.0       ,292.8,21.3
-3.311,-53.028,306.4,1.1,1,2015-11-29, 05:10,A,45,5.0       ,290.8,10.6
-3.156,-54.139,315.3,1,1,2015-11-29, 05:10,A,88,5.0       ,294,17.1
-3.678,-50.472,306.2,1.5,1.2,2015-11-29, 05:10,A,15,5.0       ,293.3,12.8
-3.103,-54.814,309,1,1,2015-11-29, 05:10,A,46,5.0       ,295.5,8.4
-3.424,-53.943,325,1,1,2015-11-29, 05:10,A,100,5.0       ,289.8,27.8
-3.431,-53.898,310.3,1,1,2015-11-29, 05:10,A,70,5.0       ,287,14.3
-3.466,-53.848,307.1,1,1,2015-11-29, 05:10,A,51,5.0       ,285.9,12.2
-3.476,-53.974,316.4,1,1,2015-11-29, 05:10,A,43,5.0       ,286.9,17.8
-3.481,-53.938,316.7,1,1,2015-11-29, 05:10,A,92,5.0       ,286.9,21.2
-3.482,-53.993,309.8,1,1,2015-11-29, 05:10,A,21,5.0       ,288.2,11.6
-3.485,-53.976,320.3,1,1,2015-11-29, 05:10,A,92,5.0       ,286.5,22.7
-3.49,-53.94,310,1,1,2015-11-29, 05:10,A,69,5.0       ,285.8,14.2
-3.491,-53.995,310,1,1,2015-11-29, 05:10,A,38,5.0       ,287.5,11.9
-3.527,-54,306,1,1,2015-11-29, 05:10,A,8,5.0       ,286,8.9
-3.566,-53.856,311.6,1,1,2015-11-29, 05:10,A,76,5.0       ,286.3,15.3
-3.567,-53.847,314.7,1,1,2015-11-29, 05:10,A,86,5.0       ,286.7,18.2
-3.575,-53.857,307.4,1,1,2015-11-29, 05:10,A,54,5.0       ,285.4,12.3
-3.576,-53.848,311.1,1,1,2015-11-29, 05:10,A,74,5.0       ,285.2,15.6
-3.606,-53.769,306.7,1,1,2015-11-29, 05:10,A,47,5.0       ,280,12.5
-4.642,-46.561,317.5,3.1,1.7,2015-11-29, 05:10,A,94,5.0       ,290.3,105.5
-4.646,-46.533,306.2,3.1,1.7,2015-11-29, 05:10,A,42,5.0       ,290.1,48.3
-3.66,-53.656,308.8,1,1,2015-11-29, 05:10,A,63,5.0       ,285.1,13.6
-3.734,-54.72,310.8,1,1,2015-11-29, 05:10,A,72,5.0       ,284.7,15
-3.368,-57.702,306.6,1.3,1.1,2015-11-29, 05:10,A,47,5.0       ,294.5,11.5
-3.949,-56.071,308,1.1,1,2015-11-29, 05:10,A,58,5.0       ,281,14.3
-3.952,-56.111,314.5,1.1,1,2015-11-29, 05:10,A,85,5.0       ,285,20.1
-3.954,-56.101,313.5,1.1,1,2015-11-29, 05:10,A,82,5.0       ,285,19.1
-3.962,-56.112,318.6,1.1,1,2015-11-29, 05:10,A,96,5.0       ,284.9,25.7
-3.963,-56.102,309.1,1.1,1,2015-11-29, 05:10,A,64,5.0       ,284.4,14.8
-4.612,-56.121,305.5,1.1,1,2015-11-29, 05:10,A,31,5.0       ,290,9.7
-6.568,-51.108,309.2,1.5,1.2,2015-11-29, 05:10,A,65,5.0       ,283.2,24.6
-6.57,-51.095,317.8,1.5,1.2,2015-11-29, 05:10,A,94,5.0       ,284.5,40.8
-11.006,-60.846,325.4,1.6,1.3,2015-11-29, 05:10,A,100,5.0       ,277.3,68.5
-11.009,-60.831,315.1,1.6,1.3,2015-11-29, 05:10,A,87,5.0       ,277.4,43.3
-13.731,-58.668,313.2,1.1,1,2015-11-29, 05:10,A,81,5.0       ,279.9,21.1
-3.241,-53.877,311.9,1,1,2015-11-29, 05:10,A,22,5.0       ,291.4,11
-3.237,-54.023,306.5,1,1,2015-11-29, 05:10,A,46,5.0       ,287.4,9.5
-3.258,-54.007,318.9,1,1,2015-11-29, 05:10,A,75,5.0       ,288,19.5
-3.261,-53.989,314.3,1,1,2015-11-29, 05:10,A,83,5.0       ,290.5,16.1
-3.277,-53.882,321.7,1,1,2015-11-29, 05:10,A,100,5.0       ,290.2,22.5
-3.278,-53.873,321,1,1,2015-11-29, 05:10,A,100,5.0       ,290.7,21.8
-3.279,-53.864,315.3,1,1,2015-11-29, 05:10,A,86,5.0       ,290.8,15.5
-3.267,-54.014,318.8,1,1,2015-11-29, 05:10,A,55,5.0       ,292.5,20.1
-3.269,-54.005,316.4,1,1,2015-11-29, 05:10,A,41,5.0       ,293,17
-3.276,-54.016,320.5,1,1,2015-11-29, 05:10,A,98,5.0       ,292.2,24
-3.285,-54.017,318.4,1,1,2015-11-29, 05:10,A,79,5.0       ,288,22.1
-3.201,-54.652,306.5,1,1,2015-11-29, 05:10,A,36,5.0       ,288.4,8.1
-3.209,-54.662,310.2,1,1,2015-11-29, 05:10,A,52,5.0       ,289.9,10.9
-3.21,-54.653,311.3,1,1,2015-11-29, 05:10,A,66,5.0       ,290.3,11.7
-3.411,-53.283,305.4,1,1,2015-11-29, 05:10,A,23,5.0       ,284,11.7
-3.229,-54.647,310.5,1,1,2015-11-29, 05:10,A,71,5.0       ,289.7,10.5
-3.217,-54.855,312.9,1,1,2015-11-29, 05:10,A,80,5.0       ,291.4,13.9
-3.218,-54.846,309.9,1,1,2015-11-29, 05:10,A,69,5.0       ,291.3,11.5
-3.259,-54.569,308.3,1,1,2015-11-29, 05:10,A,20,5.0       ,290.4,11
-3.385,-53.836,311.2,1,1,2015-11-29, 05:10,A,72,5.0       ,285.2,15.3
-3.395,-53.828,314.1,1,1,2015-11-29, 05:10,A,84,5.0       ,283.9,18.5
-3.384,-53.965,308.6,1,1,2015-11-29, 05:10,A,44,5.0       ,287.6,11.1
-9.299,-35.889,321.2,1.2,1.1,2015-11-29, 12:55,T,65,5.0       ,304.1,9.4
-9.999,-36.512,330.6,1.2,1.1,2015-11-29, 13:00,T,83,5.0       ,308.6,22.1
-10.333,-39.243,337.6,1,1,2015-11-29, 13:00,T,88,5.0       ,314.4,23
-10.846,-37.878,321.6,1,1,2015-11-29, 13:00,T,57,5.0       ,306.1,7.6
-10.677,-40.511,320.9,1.1,1,2015-11-29, 13:00,T,67,5.0       ,303.3,7.5
-10.749,-40.275,355.7,1,1,2015-11-29, 13:00,T,98,5.0       ,306.2,72.6
-10.75,-40.266,326.8,1,1,2015-11-29, 13:00,T,63,5.0       ,303.8,13.2
-11.231,-37.381,322.3,1.1,1,2015-11-29, 13:00,T,74,5.0       ,304.6,9.4
-11.232,-37.371,322.2,1.1,1,2015-11-29, 13:00,T,75,5.0       ,305,9.4
-11.164,-38.092,336.5,1,1,2015-11-29, 13:00,T,88,5.0       ,309.3,24.6
-11.166,-38.083,330.9,1,1,2015-11-29, 13:00,T,83,5.0       ,309.1,14.9
-11.522,-37.518,318.9,1.1,1,2015-11-29, 13:00,T,56,5.0       ,300.5,10.8
-12.064,-37.722,320.2,1.1,1,2015-11-29, 13:00,T,72,5.0       ,301.6,12.7
-11.959,-39.21,333.3,1,1,2015-11-29, 13:00,T,85,5.0       ,311.2,12
-12.652,-38.623,320.3,1,1,2015-11-29, 13:00,T,63,5.0       ,299.6,10
-15.77,-41.31,317.7,1,1,2015-11-29, 13:00,T,31,5.0       ,300.1,10.1
-15.849,-41.154,323.9,1,1,2015-11-29, 13:00,T,62,5.0       ,304.1,17.3
-15.703,-42.583,323.5,1.2,1.1,2015-11-29, 13:00,T,35,5.0       ,301.6,17.6
-16.193,-42.486,321.8,1.1,1.1,2015-11-29, 13:00,T,74,5.0       ,300.9,17.6
-16.527,-41.121,323.9,1,1,2015-11-29, 13:00,T,77,5.0       ,306.5,18.6
-16.79,-41.144,319.5,1,1,2015-11-29, 13:00,T,71,5.0       ,302.7,13.5
-16.729,-42.196,320.6,1.1,1,2015-11-29, 13:00,T,52,5.0       ,295.6,13.9
-17.092,-41.162,319.2,1,1,2015-11-29, 13:00,T,71,5.0       ,295.6,11
-17.093,-41.153,315.4,1,1,2015-11-29, 13:00,T,52,5.0       ,295.1,6.9
-17.041,-42.031,327.5,1.1,1,2015-11-29, 13:00,T,81,5.0       ,307,18.3
-17.043,-42.021,323.8,1.1,1,2015-11-29, 13:00,T,71,5.0       ,304.1,12.2
-17.81,-39.462,319.8,1,1,2015-11-29, 13:00,T,55,5.0       ,303.3,12.9
-17.684,-43.46,330.4,1.2,1.1,2015-11-29, 13:00,T,64,5.0       ,305.8,27
-18.69,-41.252,323.6,1,1,2015-11-29, 13:00,T,65,5.0       ,300.9,11
-18.869,-40.225,338.2,1,1,2015-11-29, 13:00,T,89,5.0       ,305.6,31
-18.87,-40.216,353.6,1,1,2015-11-29, 13:00,T,97,5.0       ,304.8,63.2
-18.878,-40.227,328.7,1,1,2015-11-29, 13:00,T,82,5.0       ,305.6,16
-18.879,-40.217,336.3,1,1,2015-11-29, 13:00,T,87,5.0       ,300.7,27
-19.397,-42.699,322.5,1.1,1,2015-11-29, 13:00,T,51,5.0       ,305.3,16.3
-19.66,-43.275,320,1.1,1.1,2015-11-29, 13:00,T,31,5.0       ,298.4,11.9
-19.663,-43.281,316.2,1.1,1.1,2015-11-29, 13:00,T,59,5.0       ,297.4,10.6
-2.912,-41.958,320.5,1.6,1.2,2015-11-29, 12:55,T,73,5.0       ,303.9,16.2
-3.044,-42.079,323.1,1.6,1.3,2015-11-29, 12:55,T,76,5.0       ,305.8,18.3
-3.519,-39.173,379.5,1.1,1,2015-11-29, 12:55,T,100,5.0       ,309.1,157.5
-3.525,-39.18,349.2,1.1,1,2015-11-29, 12:55,T,95,5.0       ,309,55.8
-3.101,-42.228,321.6,1.7,1.3,2015-11-29, 12:55,T,74,5.0       ,305.4,18.1
-3.525,-39.621,327.2,1.1,1.1,2015-11-29, 12:55,T,49,5.0       ,305.6,16
-3.163,-42.207,321.6,1.7,1.3,2015-11-29, 12:55,T,43,5.0       ,304.2,15.9
-3.184,-42.06,361.2,1.6,1.3,2015-11-29, 12:55,T,100,5.0       ,309.9,160.9
-3.186,-42.046,332.3,1.6,1.3,2015-11-29, 12:55,T,73,5.0       ,309.4,35.8
-3.183,-42.067,340.2,1.6,1.3,2015-11-29, 12:55,T,90,5.0       ,308,61.9
-3.186,-42.053,350.1,1.6,1.3,2015-11-29, 12:55,T,95,5.0       ,310,102.4
-3.172,-42.215,322.8,1.7,1.3,2015-11-29, 12:55,T,49,5.0       ,304.6,20.2
-3.19,-42.098,324.2,1.6,1.3,2015-11-29, 12:55,T,40,5.0       ,306.3,16.1
-3.192,-42.083,336.4,1.6,1.3,2015-11-29, 12:55,T,88,5.0       ,308.7,51.9
-3.195,-42.069,326.4,1.6,1.3,2015-11-29, 12:55,T,37,5.0       ,307.9,19.2
-3.197,-42.055,329,1.6,1.3,2015-11-29, 12:55,T,80,5.0       ,309.3,26.4
-3.183,-42.217,323.6,1.7,1.3,2015-11-29, 12:55,T,72,5.0       ,304.6,22.5
-3.186,-42.202,322.1,1.7,1.3,2015-11-29, 12:55,T,57,5.0       ,304.7,18.8
-3.105,-43.238,322.9,2,1.4,2015-11-29, 12:55,T,59,5.0       ,302,33.8
-3.397,-41.354,341.6,1.4,1.2,2015-11-29, 12:55,T,91,5.0       ,307.3,63.4
-3.399,-41.34,348.8,1.4,1.2,2015-11-29, 12:55,T,95,5.0       ,307.6,88.7
-3.31,-41.989,333.7,1.6,1.2,2015-11-29, 12:55,T,86,5.0       ,307.1,45
-3.408,-41.422,334.4,1.4,1.2,2015-11-29, 12:55,T,86,5.0       ,307,40.1
-3.41,-41.409,323.9,1.4,1.2,2015-11-29, 12:55,T,59,5.0       ,309.3,14.8
-3.324,-42.05,391.6,1.6,1.2,2015-11-29, 12:55,T,100,5.0       ,310.1,390.1
-3.326,-42.035,352.9,1.6,1.2,2015-11-29, 12:55,T,96,5.0       ,307.3,117.5
-3.335,-42.051,342.6,1.6,1.2,2015-11-29, 12:55,T,91,5.0       ,307.1,74.8
-3.42,-41.558,331.7,1.5,1.2,2015-11-29, 12:55,T,84,5.0       ,309.1,29.8
-3.422,-41.545,327.6,1.5,1.2,2015-11-29, 12:55,T,71,5.0       ,308.6,18.1
-3.444,-41.401,340.4,1.4,1.2,2015-11-29, 12:55,T,90,5.0       ,310.7,59.1
-3.421,-41.869,336.6,1.6,1.2,2015-11-29, 12:55,T,88,5.0       ,308.3,46.3
-3.497,-41.972,359.4,1.6,1.2,2015-11-29, 12:55,T,99,5.0       ,308.3,147.8
-3.499,-41.958,374.1,1.6,1.2,2015-11-29, 12:55,T,100,5.0       ,310.5,233.7
-3.508,-42.046,328.9,1.6,1.2,2015-11-29, 12:55,T,82,5.0       ,308,31.4
-3.57,-42.091,335.4,1.6,1.2,2015-11-29, 12:55,T,87,5.0       ,308.2,48.3
-3.573,-42.077,348,1.6,1.2,2015-11-29, 12:55,T,94,5.0       ,308.1,94.6
-3.582,-42.093,327.1,1.6,1.2,2015-11-29, 12:55,T,80,5.0       ,307.6,22.6
-3.609,-42.141,363.9,1.6,1.3,2015-11-29, 12:55,T,100,5.0       ,306.7,178.3
-3.611,-42.126,376.2,1.6,1.2,2015-11-29, 12:55,T,100,5.0       ,309.4,258.4
-3.309,-44.306,318.7,2.4,1.5,2015-11-29, 12:55,T,46,5.0       ,301.2,31.9
-3.307,-44.29,319.9,2.4,1.5,2015-11-29, 12:55,T,72,5.0       ,300.8,38.2
-3.699,-42.073,341.2,1.6,1.2,2015-11-29, 12:55,T,91,5.0       ,309,64.6
-3.711,-42.074,341.3,1.6,1.2,2015-11-29, 12:55,T,91,5.0       ,308,64.9
-4.405,-39.091,332.9,1.1,1,2015-11-29, 12:55,T,78,5.0       ,307.2,23.8
-4.406,-39.081,333.1,1.1,1,2015-11-29, 12:55,T,76,5.0       ,308.1,26.2
-5.116,-37.903,336.2,1,1,2015-11-29, 12:55,T,87,5.0       ,313.4,21.2
-5.118,-37.894,336,1,1,2015-11-29, 12:55,T,87,5.0       ,314.4,20.4
-4.319,-43.272,335.3,1.9,1.4,2015-11-29, 12:55,T,87,5.0       ,302.6,74.6
-4.389,-43.253,322.4,1.9,1.3,2015-11-29, 12:55,T,75,5.0       ,305.4,32.6
-5.609,-35.344,326.7,1.2,1.1,2015-11-29, 12:55,T,80,5.0       ,302.3,23.3
-5.61,-35.333,325.5,1.2,1.1,2015-11-29, 12:55,T,79,5.0       ,304.7,22
-5.463,-36.728,344.5,1,1,2015-11-29, 12:55,T,92,5.0       ,312.3,36.7
-5.465,-36.719,335.7,1,1,2015-11-29, 12:55,T,87,5.0       ,311.5,19.8
-4.381,-44.394,336.3,2.3,1.5,2015-11-29, 12:55,T,87,5.0       ,301.1,100.8
-4.377,-44.399,327.6,2.3,1.5,2015-11-29, 12:55,T,80,5.0       ,300.7,59.1
-4.38,-44.379,325,2.3,1.5,2015-11-29, 12:55,T,61,5.0       ,301.3,42.4
-4.575,-43.157,321.8,1.9,1.3,2015-11-29, 12:55,T,59,5.0       ,305.1,28.6
-4.537,-44.14,321.2,2.2,1.4,2015-11-29, 12:55,T,37,5.0       ,303.4,32.7
-4.941,-43.81,322.2,2.1,1.4,2015-11-29, 12:55,T,36,5.0       ,303.9,35.7
-4.945,-43.799,320.4,2.1,1.4,2015-11-29, 12:55,T,67,5.0       ,302.8,32.7
-5.307,-42.827,327.7,1.7,1.3,2015-11-29, 12:55,T,81,5.0       ,308.5,32.4
-6.166,-37.903,325.8,1,1,2015-11-29, 12:55,T,49,5.0       ,310.8,9.1
-4.845,-46.679,315.1,3.5,1.8,2015-11-29, 12:55,T,48,5.0       ,296.2,52.4
-6.921,-35.533,328.1,1.2,1.1,2015-11-29, 12:55,T,79,5.0       ,304.2,24.2
-6.492,-39.664,327.3,1.1,1,2015-11-29, 12:55,T,60,5.0       ,310.3,9.7
-7.617,-35.219,330.8,1.3,1.1,2015-11-29, 12:55,T,83,5.0       ,309.2,26.8
-7.698,-35.225,331.2,1.3,1.1,2015-11-29, 12:55,T,84,5.0       ,309.9,24
-7.719,-35.074,337.9,1.3,1.1,2015-11-29, 12:55,T,88,5.0       ,303.7,48.2
-7.72,-35.062,341.9,1.3,1.1,2015-11-29, 12:55,T,91,5.0       ,302.7,59.2
-7.708,-35.226,351,1.3,1.1,2015-11-29, 12:55,T,96,5.0       ,308.3,77.1
-7.71,-35.214,327.3,1.3,1.1,2015-11-29, 12:55,T,80,5.0       ,308.9,15.6
-7.445,-37.28,337.4,1,1,2015-11-29, 12:55,T,88,5.0       ,314.5,24.8
-6.465,-44.55,317.9,2.2,1.4,2015-11-29, 12:55,T,51,5.0       ,299.8,32.1
-6.463,-44.556,318,2.2,1.4,2015-11-29, 12:55,T,36,5.0       ,300.2,32.8
-7.842,-35.723,329.1,1.2,1.1,2015-11-29, 12:55,T,82,5.0       ,310,15.4
-7.407,-39.158,325.2,1,1,2015-11-29, 12:55,T,46,5.0       ,307.6,11
-7.91,-35.683,330.1,1.2,1.1,2015-11-29, 12:55,T,83,5.0       ,310.2,19.1
-6.537,-45.173,322,2.5,1.5,2015-11-29, 12:55,T,40,5.0       ,298.7,38.7
-7.831,-37.535,336.2,1,1,2015-11-29, 12:55,T,87,5.0       ,314.8,19.5
-7.84,-37.536,330.8,1,1,2015-11-29, 12:55,T,83,5.0       ,315.7,11.6
-7.923,-37.284,390.7,1,1,2015-11-29, 12:55,T,100,5.0       ,318.2,198.9
-7.925,-37.275,339,1,1,2015-11-29, 12:55,T,89,5.0       ,313.2,28.8
-7.932,-37.285,327.9,1,1,2015-11-29, 12:55,T,77,5.0       ,310.6,11.3
-8.357,-35.04,324.7,1.3,1.1,2015-11-29, 12:55,T,77,5.0       ,299.7,26.9
-8.356,-35.033,328.2,1.3,1.1,2015-11-29, 12:55,T,61,5.0       ,302,31.1
-8.065,-39.076,339.3,1,1,2015-11-29, 12:55,T,89,5.0       ,314.5,23.7
-8.712,-35.708,351.6,1.2,1.1,2015-11-29, 12:55,T,96,5.0       ,306.4,81.7
-8.713,-35.697,323,1.2,1.1,2015-11-29, 12:55,T,25,5.0       ,302.2,13.9
-8.723,-35.705,327.8,1.2,1.1,2015-11-29, 12:55,T,75,5.0       ,302.2,23.5
-9.126,-35.52,319.4,1.3,1.1,2015-11-29, 12:55,T,62,5.0       ,299.9,16.1
-9.104,-35.896,320.4,1.2,1.1,2015-11-29, 12:55,T,73,5.0       ,302.9,16.4
-8.187,-42.273,328.5,1.4,1.2,2015-11-29, 12:55,T,81,5.0       ,305.9,21.6
10.063,-64.898,316.5,1.9,1.3,2015-11-29, 14:30,T,43,5.0       ,294.2,23
10.061,-64.881,319,1.9,1.3,2015-11-29, 14:30,T,67,5.0       ,294,29.6
8.882,-64.289,319.5,1.6,1.3,2015-11-29, 14:30,T,71,5.0       ,297.8,21.2
8.265,-63.453,319.6,1.4,1.2,2015-11-29, 14:30,T,70,5.0       ,298.4,15.5
8.468,-66.684,323.9,2.5,1.5,2015-11-29, 14:30,T,77,5.0       ,293.2,54.1
8.474,-66.689,323.1,2.5,1.5,2015-11-29, 14:30,T,76,5.0       ,292.8,53.8
8.312,-65.573,313.4,2,1.4,2015-11-29, 14:30,T,57,5.0       ,292.2,16.8
8.309,-65.555,317.2,2,1.4,2015-11-29, 14:30,T,67,5.0       ,293.6,28.8
7.625,-61.708,314.7,1.1,1,2015-11-29, 14:30,T,45,5.0       ,297.8,8.1
6.443,-57.758,335.4,1.2,1.1,2015-11-29, 14:30,T,87,5.0       ,298,39.7
6.441,-57.748,329.4,1.2,1.1,2015-11-29, 14:30,T,82,5.0       ,299.9,27.1
6.162,-57.258,320.5,1.2,1.1,2015-11-29, 14:30,T,66,5.0       ,298.1,15.1
-9.787,-62.47,315.8,1,1,2015-11-29, 14:35,T,50,5.0       ,298.4,9.9
-9.83,-62.168,321.8,1.1,1,2015-11-29, 14:35,T,74,5.0       ,295.9,15.3
-9.678,-63.718,315.5,1,1,2015-11-29, 14:35,T,29,5.0       ,293.9,10.1
-9.679,-63.709,316.3,1,1,2015-11-29, 14:35,T,46,5.0       ,294.3,11.2
-10.815,-60.738,312.5,1.3,1.1,2015-11-29, 14:35,T,51,5.0       ,295.8,9.9
-10.284,-64.532,318.1,1,1,2015-11-29, 14:35,T,37,5.0       ,297,11.6
-11.441,-61.443,317.2,1.2,1.1,2015-11-29, 14:35,T,29,5.0       ,295.7,10.2
-12.029,-57.282,313.3,2.3,1.5,2015-11-29, 14:35,T,46,5.0       ,287.8,38.4
-12.039,-57.304,311,2.3,1.5,2015-11-29, 14:35,T,30,5.0       ,286,30.2
-11.317,-63.275,318.2,1,1,2015-11-29, 14:35,T,65,5.0       ,298.7,9.8
-11.231,-64.972,315.3,1,1,2015-11-29, 14:35,T,55,5.0       ,291.5,10
-11.204,-66.112,312.8,1.1,1.1,2015-11-29, 14:35,T,32,5.0       ,283.1,10.9
-12.225,-59.814,311.8,1.5,1.2,2015-11-29, 14:35,T,44,5.0       ,290.7,15.8
-12.519,-57.644,313.2,2.2,1.4,2015-11-29, 14:35,T,41,5.0       ,288.9,28.5
-11.642,-65.056,317.4,1,1,2015-11-29, 14:35,T,50,5.0       ,293,11.4
-12.428,-60.419,317.2,1.4,1.2,2015-11-29, 14:35,T,29,5.0       ,299.5,18.7
-12.889,-60.532,317.1,1.4,1.2,2015-11-29, 14:35,T,36,5.0       ,295.9,17.2
-12.891,-60.519,322.8,1.4,1.2,2015-11-29, 14:35,T,56,5.0       ,298.9,27.2
-12.885,-60.645,318.1,1.3,1.2,2015-11-29, 14:35,T,20,5.0       ,298.6,17.2
-12.076,-66.43,323.6,1.2,1.1,2015-11-29, 14:35,T,52,5.0       ,296,19.9
-12.99,-60.539,318.7,1.4,1.2,2015-11-29, 14:35,T,59,5.0       ,296.1,24
-12.153,-66.794,321.7,1.2,1.1,2015-11-29, 14:35,T,37,5.0       ,295,14.7
-13.614,-57.293,315.3,2.4,1.5,2015-11-29, 14:35,T,30,5.0       ,291.6,38.3
-12.388,-67.182,321.1,1.3,1.1,2015-11-29, 14:35,T,40,5.0       ,296.1,16.7
-12.39,-67.171,322.6,1.2,1.1,2015-11-29, 14:35,T,69,5.0       ,295.7,19.3
-12.398,-67.184,320.5,1.3,1.1,2015-11-29, 14:35,T,17,5.0       ,294.7,16.4
-13.623,-58.811,313.7,1.9,1.3,2015-11-29, 14:35,T,52,5.0       ,289,27.2
-13.958,-57.05,315.9,2.6,1.5,2015-11-29, 14:35,T,34,5.0       ,294.7,48.3
-12.658,-66.642,321.7,1.2,1.1,2015-11-29, 14:35,T,41,5.0       ,297.9,13.7
-12.643,-68.081,320.7,1.4,1.2,2015-11-29, 14:35,T,44,5.0       ,296.6,19.6
-12.654,-68.083,320.1,1.4,1.2,2015-11-29, 14:35,T,45,5.0       ,296.1,17.3
-13.861,-60.174,318.9,1.5,1.2,2015-11-29, 14:35,T,50,5.0       ,299.3,23.4
-12.721,-68.035,319.1,1.4,1.2,2015-11-29, 14:35,T,51,5.0       ,295.5,19
-9.839,-36.039,341.3,1.4,1.2,2015-11-29, 15:50,A,83,5.0       ,311.4,62.4
-9.827,-36.028,347.6,1.4,1.2,2015-11-29, 15:50,A,94,5.0       ,309.3,84
-9.799,-36.134,328.2,1.4,1.2,2015-11-29, 15:50,A,81,5.0       ,308.6,21.7
-9.776,-36.125,326.4,1.4,1.2,2015-11-29, 15:50,A,61,5.0       ,305.2,19.9
-9.773,-37.077,338.7,1.6,1.3,2015-11-29, 15:50,A,89,5.0       ,316.6,41.2
-9.795,-38.438,327.4,2.1,1.4,2015-11-29, 15:50,A,80,5.0       ,309.2,38.8
-9.798,-38.457,326.7,2.1,1.4,2015-11-29, 15:50,A,80,5.0       ,306.5,36.2
-9.795,-38.443,330.9,2.1,1.4,2015-11-29, 15:50,A,83,5.0       ,308.4,54.6
-9.797,-38.463,321.7,2.1,1.4,2015-11-29, 15:50,A,73,5.0       ,306.7,17.6
-9.716,-38.325,339.2,2,1.4,2015-11-29, 15:50,A,89,5.0       ,314.8,65.7
-9.298,-35.895,326.4,1.3,1.1,2015-11-29, 15:50,A,75,5.0       ,309.4,16.9
-9.299,-35.907,339.6,1.3,1.1,2015-11-29, 15:50,A,90,5.0       ,308.8,48.9
-9.128,-35.539,357.5,1.3,1.1,2015-11-29, 15:50,A,98,5.0       ,307.2,101.4
-9.129,-35.551,385.7,1.3,1.1,2015-11-29, 15:50,A,100,5.0       ,308.1,238.1
-9.152,-35.865,324.4,1.3,1.1,2015-11-29, 15:50,A,74,5.0       ,307.7,20.1
-9.051,-35.718,323.3,1.3,1.1,2015-11-29, 15:50,A,53,5.0       ,306.8,12.8
-9.041,-35.719,331.5,1.3,1.1,2015-11-29, 15:50,A,84,5.0       ,306.9,29.4
-9.021,-35.652,333.9,1.3,1.1,2015-11-29, 15:50,A,86,5.0       ,308.3,33.6
-8.887,-35.788,319.8,1.3,1.1,2015-11-29, 15:50,A,60,5.0       ,306.7,12
-8.723,-35.712,327.8,1.3,1.1,2015-11-29, 15:50,A,81,5.0       ,308,20.3
-8.639,-35.613,326.4,1.3,1.1,2015-11-29, 15:50,A,63,5.0       ,309.6,15.2
-8.616,-35.593,327.1,1.2,1.1,2015-11-29, 15:50,A,50,5.0       ,311.3,18.4
-8.606,-35.595,331.2,1.2,1.1,2015-11-29, 15:50,A,69,5.0       ,309.5,28.7
-8.546,-35.462,330.9,1.2,1.1,2015-11-29, 15:50,A,83,5.0       ,308.1,24.3
-8.523,-35.738,322.5,1.3,1.1,2015-11-29, 15:50,A,60,5.0       ,305.5,20.1
-8.523,-35.732,321.9,1.3,1.1,2015-11-29, 15:50,A,58,5.0       ,304.7,18.6
1.139,-60.463,327.1,1,1,2015-11-29, 17:30,A,80,5.0       ,306.6,22.3
1.197,-60.31,323.4,1,1,2015-11-29, 17:30,A,75,5.0       ,304.2,14.8
1.14,-60.705,319.5,1,1,2015-11-29, 17:30,A,69,5.0       ,303.6,13.5
1.229,-60.407,337.1,1,1,2015-11-29, 17:30,A,88,5.0       ,305.2,36.2
2.136,-59.868,329.2,1,1,2015-11-29, 17:30,A,63,5.0       ,306.1,16
2.012,-60.858,316.1,1,1,2015-11-29, 17:30,A,59,5.0       ,294.8,11.5
3.434,-51.216,318.5,3.4,1.7,2015-11-29, 17:30,A,70,5.0       ,294.8,74.5
3.43,-51.246,327.2,3.4,1.7,2015-11-29, 17:30,A,80,5.0       ,295.7,137.7
2.327,-59.753,331.1,1,1,2015-11-29, 17:30,A,62,5.0       ,310,14.5
2.326,-59.762,331.5,1,1,2015-11-29, 17:30,A,62,5.0       ,309.5,15.5
2.335,-59.763,328.1,1,1,2015-11-29, 17:30,A,19,5.0       ,308.3,11.2
2.145,-61.284,310.5,1.1,1,2015-11-29, 17:30,A,29,5.0       ,292.9,5.3
2.538,-59.441,335.7,1,1,2015-11-29, 17:30,A,87,5.0       ,311,17.9
2.535,-59.459,331.1,1,1,2015-11-29, 17:30,A,57,5.0       ,311.2,13.6
2.727,-59.914,327.7,1,1,2015-11-29, 17:30,A,49,5.0       ,306.2,13
2.773,-59.911,358.6,1,1,2015-11-29, 17:30,A,99,5.0       ,309.2,75.5
2.772,-59.92,334.5,1,1,2015-11-29, 17:30,A,68,5.0       ,306.9,22.8
2.799,-59.924,340.7,1,1,2015-11-29, 17:30,A,87,5.0       ,307.8,35.5
2.885,-59.525,329.5,1,1,2015-11-29, 17:30,A,56,5.0       ,307,14.9
2.827,-59.926,332.5,1,1,2015-11-29, 17:30,A,75,5.0       ,310.9,16.1
2.941,-59.195,330.2,1,1,2015-11-29, 17:30,A,59,5.0       ,303.2,19
2.939,-59.204,340.3,1,1,2015-11-29, 17:30,A,89,5.0       ,306.5,35.7
2.938,-59.213,332.8,1,1,2015-11-29, 17:30,A,66,5.0       ,305.5,23.6
2.829,-59.98,329.8,1,1,2015-11-29, 17:30,A,55,5.0       ,308,17.4
3.364,-59.904,332.6,1,1,2015-11-29, 17:30,A,85,5.0       ,310.3,16.5
3.529,-59.651,330.3,1,1,2015-11-29, 17:30,A,63,5.0       ,309,12.9
3.527,-59.724,333.3,1,1,2015-11-29, 17:30,A,85,5.0       ,311,18.5
3.526,-59.733,351.3,1,1,2015-11-29, 17:30,A,96,5.0       ,313.7,53.3
3.525,-59.742,341.5,1,1,2015-11-29, 17:30,A,91,5.0       ,309.8,32.7
3.534,-59.743,331.8,1,1,2015-11-29, 17:30,A,84,5.0       ,306.4,16.1
3.643,-59.244,314.8,1,1,2015-11-29, 17:30,A,22,5.0       ,294.8,10.3
-8.425,-35.54,323.5,1.2,1.1,2015-11-29, 15:50,A,66,5.0       ,305.7,16.6
-8.418,-35.563,329.6,1.2,1.1,2015-11-29, 15:50,A,81,5.0       ,307.6,26.3
-8.648,-37.834,332.9,1.8,1.3,2015-11-29, 15:50,A,73,5.0       ,315.7,29.3
-8.65,-37.851,336.2,1.8,1.3,2015-11-29, 15:50,A,87,5.0       ,317.4,43.4
-8.35,-35.739,328.5,1.3,1.1,2015-11-29, 15:50,A,81,5.0       ,309.7,21
-8.282,-35.311,328,1.2,1.1,2015-11-29, 15:50,A,70,5.0       ,305.5,22.4
-8.281,-35.317,323.9,1.2,1.1,2015-11-29, 15:50,A,74,5.0       ,304.5,14.5
-8.15,-35.254,321.4,1.2,1.1,2015-11-29, 15:50,A,67,5.0       ,306,8.7
-8.152,-35.265,328.5,1.2,1.1,2015-11-29, 15:50,A,81,5.0       ,306.6,20.7
-8.125,-35.141,321.2,1.2,1.1,2015-11-29, 15:50,A,61,5.0       ,304.5,11.2
-7.911,-35.437,344,1.2,1.1,2015-11-29, 15:50,A,92,5.0       ,311.1,46.1
-7.912,-35.448,327.4,1.2,1.1,2015-11-29, 15:50,A,58,5.0       ,309.7,10.3
-7.901,-35.439,334.8,1.2,1.1,2015-11-29, 15:50,A,86,5.0       ,311.7,25
-7.838,-35.415,334.6,1.2,1.1,2015-11-29, 15:50,A,86,5.0       ,310.1,23.8
-7.834,-35.411,349.8,1.2,1.1,2015-11-29, 15:50,A,95,5.0       ,309.8,61.3
-7.836,-35.422,351.4,1.2,1.1,2015-11-29, 15:50,A,96,5.0       ,310.8,67.1
-7.825,-35.412,332.9,1.2,1.1,2015-11-29, 15:50,A,85,5.0       ,309.5,20.7
-7.826,-35.423,329.5,1.2,1.1,2015-11-29, 15:50,A,82,5.0       ,309.9,14.9
-7.751,-35.379,327.1,1.2,1.1,2015-11-29, 15:50,A,60,5.0       ,307.7,14.3
-7.741,-35.38,325.6,1.2,1.1,2015-11-29, 15:50,A,28,5.0       ,309.7,12.5
-7.645,-35.27,329.6,1.2,1.1,2015-11-29, 15:50,A,75,5.0       ,309.7,16.8
-7.646,-35.281,331.1,1.2,1.1,2015-11-29, 15:50,A,79,5.0       ,311.1,20
-7.58,-35.254,327.9,1.2,1.1,2015-11-29, 15:50,A,50,5.0       ,311.3,11.8
-7.588,-35.317,331.1,1.2,1.1,2015-11-29, 15:50,A,75,5.0       ,307.5,25.2
-7.59,-35.327,346.9,1.2,1.1,2015-11-29, 15:50,A,94,5.0       ,307.8,61.9
-7.917,-37.932,337,1.8,1.3,2015-11-29, 15:50,A,88,5.0       ,317.1,44.4
-7.92,-37.948,341.6,1.8,1.3,2015-11-29, 15:50,A,91,5.0       ,316.7,63.4
-7.911,-37.938,338,1.8,1.3,2015-11-29, 15:50,A,89,5.0       ,317.5,47.2
-7.886,-38.023,335.7,1.8,1.3,2015-11-29, 15:50,A,87,5.0       ,314.4,45.8
-7.888,-38.039,333.3,1.8,1.3,2015-11-29, 15:50,A,85,5.0       ,314,40.1
-7.44,-35.222,333.1,1.2,1.1,2015-11-29, 15:50,A,84,5.0       ,312,25
-7.351,-35.067,331,1.1,1.1,2015-11-29, 15:50,A,77,5.0       ,310.7,18.8
-7.352,-35.077,337.7,1.1,1.1,2015-11-29, 15:50,A,88,5.0       ,310.3,30.8
-7.154,-35.117,329.9,1.1,1.1,2015-11-29, 15:50,A,53,5.0       ,311,13.1
-7.156,-35.128,349.6,1.1,1.1,2015-11-29, 15:50,A,95,5.0       ,312.5,55.8
-7.151,-35.123,340.7,1.1,1.1,2015-11-29, 15:50,A,90,5.0       ,312,37.2
-7.153,-35.134,328.6,1.1,1.1,2015-11-29, 15:50,A,75,5.0       ,312,13.5
-7.06,-35.7,328.2,1.2,1.1,2015-11-29, 15:50,A,81,5.0       ,309.5,20.6
-7.013,-35.733,320.4,1.2,1.1,2015-11-29, 15:50,A,59,5.0       ,307.1,10.3
-6.923,-35.534,327.6,1.2,1.1,2015-11-29, 15:50,A,67,5.0       ,309.9,13
-6.925,-35.545,327.4,1.2,1.1,2015-11-29, 15:50,A,62,5.0       ,308.3,14.7
-7.232,-37.837,340.9,1.7,1.3,2015-11-29, 15:50,A,90,5.0       ,313.6,54.7
-7.234,-37.852,359.4,1.7,1.3,2015-11-29, 15:50,A,99,5.0       ,315.9,149.7
-6.9,-35.58,332.3,1.2,1.1,2015-11-29, 15:50,A,85,5.0       ,307.7,28.8
-6.89,-35.582,325.3,1.2,1.1,2015-11-29, 15:50,A,78,5.0       ,308.9,16.6
-7.454,-39.791,332.6,2.4,1.5,2015-11-29, 15:50,A,69,5.0       ,304.9,83.7
-6.8,-35.664,323.7,1.2,1.1,2015-11-29, 15:50,A,56,5.0       ,307.4,10.8
-7.029,-39.129,328,2.1,1.4,2015-11-29, 15:50,A,81,5.0       ,311.9,39.6
-6.919,-38.593,331.7,1.9,1.4,2015-11-29, 15:50,A,74,5.0       ,315,26.2
-6.803,-39.001,331.7,2.1,1.4,2015-11-29, 15:50,A,84,5.0       ,316.5,35.9
-6.663,-39.126,341.2,2.1,1.4,2015-11-29, 15:50,A,90,5.0       ,314.8,91
-5.914,-36.272,353.8,1.3,1.1,2015-11-29, 15:50,A,97,5.0       ,313.1,82.3
-5.916,-36.283,360.6,1.3,1.1,2015-11-29, 15:50,A,100,5.0       ,313.9,107.7
-5.619,-35.341,331.7,1.1,1.1,2015-11-29, 15:50,A,79,5.0       ,307.5,23.9
-5.467,-36.722,332.4,1.3,1.1,2015-11-29, 15:50,A,83,5.0       ,312.9,13.6
-5.468,-36.734,333.8,1.3,1.1,2015-11-29, 15:50,A,86,5.0       ,314.4,16.7
-5.728,-38.661,339.5,1.9,1.3,2015-11-29, 15:50,A,89,5.0       ,317.3,51.9
-5.307,-35.63,330.8,1.1,1.1,2015-11-29, 15:50,A,79,5.0       ,310.7,18.5
-5.239,-35.46,331.5,1.1,1.1,2015-11-29, 15:50,A,84,5.0       ,308.8,22.7
-5.24,-35.47,326.1,1.1,1.1,2015-11-29, 15:50,A,60,5.0       ,309.5,12.3
-5.231,-35.471,329.5,1.1,1.1,2015-11-29, 15:50,A,77,5.0       ,307.8,18.7
-5.269,-39.144,331.3,2,1.4,2015-11-29, 15:50,A,84,5.0       ,311.3,29.4
-5.646,-43.2,325,4.2,1.9,2015-11-29, 15:50,A,55,5.0       ,293.7,143.1
-5.643,-43.204,324.9,4.2,1.9,2015-11-29, 15:50,A,78,5.0       ,293.8,151.1
-5.272,-41.095,325.6,2.8,1.6,2015-11-29, 15:50,A,72,5.0       ,305.2,43.5
-4.937,-38.995,331.6,1.9,1.4,2015-11-29, 15:50,A,84,5.0       ,311.6,29.7
-5.273,-43.278,325.2,4.2,1.9,2015-11-29, 15:50,A,74,5.0       ,295.2,159.9
-4.705,-39.402,331.8,2,1.4,2015-11-29, 15:50,A,84,5.0       ,309.9,45.3
-4.707,-39.42,337.9,2.1,1.4,2015-11-29, 15:50,A,89,5.0       ,310.3,72.1
-4.808,-40.183,324.6,2.4,1.5,2015-11-29, 15:50,A,78,5.0       ,309,40.4
-5.27,-43.286,321.5,4.2,1.9,2015-11-29, 15:50,A,59,5.0       ,295.9,119.1
-4.715,-39.407,345.7,2,1.4,2015-11-29, 15:50,A,93,5.0       ,308.8,117.2
-4.718,-39.426,327.4,2.1,1.4,2015-11-29, 15:50,A,74,5.0       ,309.3,26
12.811,-86.173,342.8,1.2,1.1,2015-11-29, 16:10,T,91,5.0       ,303.4,67
12.132,-85.91,318.7,1.1,1.1,2015-11-29, 16:10,T,45,5.0       ,301.9,13.6
12.13,-85.899,317.5,1.1,1.1,2015-11-29, 16:10,T,31,5.0       ,302.9,11.6
10.088,-84.858,316.9,1,1,2015-11-29, 16:10,T,59,5.0       ,302.6,10.7
-12.062,-37.722,315.7,2,1.4,2015-11-29, 15:50,A,59,5.0       ,299.1,22.1
-12.19,-39.322,340.9,2.6,1.6,2015-11-29, 15:50,A,90,5.0       ,300.6,146.8
-12.193,-39.346,328,2.6,1.6,2015-11-29, 15:50,A,69,5.0       ,299.5,57.5
-12.185,-39.329,341.9,2.6,1.6,2015-11-29, 15:50,A,91,5.0       ,300.1,154.1
-11.112,-37.378,369.1,1.8,1.3,2015-11-29, 15:50,A,100,5.0       ,306.9,257
-11.114,-37.395,331.7,1.8,1.3,2015-11-29, 15:50,A,84,5.0       ,303.8,52.8
-11.115,-37.366,328.2,1.8,1.3,2015-11-29, 15:50,A,77,5.0       ,305.6,45.8
-11.117,-37.383,368.7,1.8,1.3,2015-11-29, 15:50,A,100,5.0       ,307.5,253.7
-10.378,-36.446,319.2,1.5,1.2,2015-11-29, 15:50,A,58,5.0       ,305.4,14.1
-9.844,-36.033,344,1.4,1.2,2015-11-29, 15:50,A,92,5.0       ,308.1,69.5
-9.846,-36.045,352.8,1.4,1.2,2015-11-29, 15:50,A,96,5.0       ,308.1,102.7
-9.85,-36.038,334.8,1.4,1.2,2015-11-29, 15:50,A,65,5.0       ,306.5,42.4
-9.851,-36.05,329.9,1.4,1.2,2015-11-29, 15:50,A,26,5.0       ,305.4,31.2
-4.798,-40.19,321.7,2.4,1.5,2015-11-29, 15:50,A,71,5.0       ,307.5,30.7
-4.159,-38.705,322.9,1.8,1.3,2015-11-29, 15:50,A,45,5.0       ,303.2,21.7
-4.102,-38.904,325.7,1.8,1.3,2015-11-29, 15:50,A,60,5.0       ,300.8,40.8
-4.706,-43.918,316.9,4.6,2,2015-11-29, 15:50,A,62,5.0       ,294.9,100.4
-4.391,-41.763,326.1,3.1,1.7,2015-11-29, 15:50,A,79,5.0       ,307.4,70.1
-4.394,-41.791,328.8,3.1,1.7,2015-11-29, 15:50,A,82,5.0       ,307.4,91.3
-3.971,-38.705,322.3,1.8,1.3,2015-11-29, 15:50,A,59,5.0       ,305.2,22.6
-3.973,-38.721,319.8,1.8,1.3,2015-11-29, 15:50,A,37,5.0       ,303.3,11.1
-3.976,-38.71,326.2,1.8,1.3,2015-11-29, 15:50,A,78,5.0       ,305.9,32.3
-4.701,-43.881,313.7,4.6,2,2015-11-29, 15:50,A,45,5.0       ,290.2,71
-4.707,-43.922,315.8,4.6,2,2015-11-29, 15:50,A,52,5.0       ,294.8,93.7
-4.393,-41.768,328.3,3.1,1.7,2015-11-29, 15:50,A,81,5.0       ,307.5,84.1
-4.397,-41.796,327,3.1,1.7,2015-11-29, 15:50,A,80,5.0       ,307.3,75.9
-4.006,-39.456,337.2,2,1.4,2015-11-29, 15:50,A,88,5.0       ,309.2,72.9
-4.009,-39.474,334.2,2,1.4,2015-11-29, 15:50,A,86,5.0       ,307.5,59.6
-4.004,-39.463,338.8,2,1.4,2015-11-29, 15:50,A,89,5.0       ,308.4,80.5
-4.395,-43.186,319.3,4,1.9,2015-11-29, 15:50,A,68,5.0       ,299.3,68.8
-4.4,-43.222,325.7,4.1,1.9,2015-11-29, 15:50,A,79,5.0       ,298.2,134.5
-4.391,-43.191,320.8,4,1.9,2015-11-29, 15:50,A,73,5.0       ,298.2,81.4
-4.396,-43.227,323.5,4.1,1.9,2015-11-29, 15:50,A,76,5.0       ,297.1,114.2
-4.317,-43.275,318.6,4.1,1.9,2015-11-29, 15:50,A,68,5.0       ,297.8,65.2
-4.329,-43.28,318.5,4.1,1.9,2015-11-29, 15:50,A,65,5.0       ,297.5,66.5
-4.2,-43.376,332.4,4.1,1.9,2015-11-29, 15:50,A,85,5.0       ,299.7,205.1
-4.191,-43.347,323.3,4.1,1.9,2015-11-29, 15:50,A,76,5.0       ,300.7,96.9
-4.196,-43.385,329,4.1,1.9,2015-11-29, 15:50,A,82,5.0       ,299.8,164.2
-3.488,-39.104,344.4,1.9,1.3,2015-11-29, 15:50,A,92,5.0       ,305,110.1
-19.657,-39.987,318.7,3.7,1.8,2015-11-29, 15:45,A,51,5.0       ,295.3,58
-19.114,-39.858,313.6,3.6,1.8,2015-11-29, 15:45,A,31,5.0       ,295.1,45.3
-15.788,-38.937,313.4,2.8,1.6,2015-11-29, 15:45,A,50,5.0       ,296.8,34.1
-15.785,-38.944,315.3,2.8,1.6,2015-11-29, 15:45,A,38,5.0       ,296.9,39.1
-26.398,-62.735,329.2,3.2,1.7,2015-11-29, 17:25,A,69,5.0       ,307.7,122.2
-26.401,-62.741,326.9,3.2,1.7,2015-11-29, 17:25,A,57,5.0       ,306.8,93.9
-26.063,-61.381,337.4,2.6,1.5,2015-11-29, 17:25,A,88,5.0       ,303.8,140.8
-26.057,-61.388,335.2,2.6,1.5,2015-11-29, 17:25,A,87,5.0       ,304,127.8
-16.751,-55.799,316.5,1,1,2015-11-29, 17:25,A,55,5.0       ,299.2,10.4
-16.779,-56.528,318,1,1,2015-11-29, 17:25,A,52,5.0       ,295.3,12.5
-15.548,-55.367,313.2,1,1,2015-11-29, 17:25,A,18,5.0       ,293.3,9.9
-15.118,-57.262,321.5,1,1,2015-11-29, 17:25,A,36,5.0       ,302.2,12.2
-14.943,-56.74,322,1,1,2015-11-29, 17:25,A,75,5.0       ,299.6,13.1
-14.945,-56.749,322.8,1,1,2015-11-29, 17:25,A,76,5.0       ,299.9,14.8
-14.962,-61.097,333.3,1.7,1.3,2015-11-29, 17:25,A,58,5.0       ,296.2,60.7
-13.974,-56.97,319,1,1,2015-11-29, 17:25,A,51,5.0       ,297.7,16
-13.727,-55.883,317.4,1,1,2015-11-29, 17:25,A,34,5.0       ,295.3,12.3
-13.627,-55.387,316,1,1,2015-11-29, 17:25,A,34,5.0       ,291.9,10.4
-13.718,-57.049,329.2,1,1,2015-11-29, 17:25,A,82,5.0       ,294.8,21.3
-13.614,-57.288,324,1,1,2015-11-29, 17:25,A,58,5.0       ,300.7,19
-13.15,-57.063,315.6,1,1,2015-11-29, 17:25,A,47,5.0       ,295.9,10.1
5.697,-54.286,314.1,2,1.4,2015-11-29, 14:30,T,60,5.0       ,295.6,31
4.878,-60.23,345.6,1,1,2015-11-29, 14:30,T,93,5.0       ,301.1,57.1
3.41,-51.228,311.1,3.9,1.8,2015-11-29, 14:30,T,44,5.0       ,293.6,44.1
-32.801,-70.954,325.6,1.1,1,2015-11-29, 14:45,T,77,5.0       ,307.2,14.8
-34.109,-70.459,326.8,1,1,2015-11-29, 14:45,T,76,5.0       ,312.6,13.2
-34.56,-72.029,337.7,1.1,1.1,2015-11-29, 14:45,T,67,5.0       ,299.5,50.1
-34.564,-72.024,316.9,1.1,1.1,2015-11-29, 14:45,T,58,5.0       ,297,17.8
-35.116,-71.279,316.7,1,1,2015-11-29, 14:45,T,49,5.0       ,304.1,6.2
-35.597,-71.732,317,1.1,1,2015-11-29, 14:45,T,39,5.0       ,304.5,6.7
-35.609,-72.274,319.1,1.1,1,2015-11-29, 14:45,T,71,5.0       ,301.4,17
-36.145,-71.83,316.8,1.1,1,2015-11-29, 14:45,T,28,5.0       ,304.3,8.8
-36.285,-72.546,314.6,1.1,1.1,2015-11-29, 14:45,T,48,5.0       ,304.3,8.6
-36.426,-71.961,315.9,1.1,1,2015-11-29, 14:45,T,62,5.0       ,303.6,9.4
-36.428,-71.949,314.9,1.1,1,2015-11-29, 14:45,T,41,5.0       ,304.2,8
-36.74,-72.301,313.7,1.1,1,2015-11-29, 14:45,T,58,5.0       ,302.8,6.6
-36.97,-72.93,315,1.1,1.1,2015-11-29, 14:45,T,63,5.0       ,303.3,13.8
-37.089,-73.146,312.4,1.1,1.1,2015-11-29, 14:45,T,0,5.0       ,301.8,10.9
-37.667,-72.021,312.5,1,1,2015-11-29, 14:45,T,34,5.0       ,300.3,9.5
-37.476,-73.342,312.6,1.1,1.1,2015-11-29, 14:45,T,37,5.0       ,299.8,11.5
-37.724,-72.239,312.3,1.1,1,2015-11-29, 14:45,T,29,5.0       ,300.9,7.6
-38.235,-72.333,312.9,1,1,2015-11-29, 14:45,T,33,5.0       ,300.8,10.9
-38.252,-72.671,310.4,1.1,1,2015-11-29, 14:45,T,37,5.0       ,299,9.9
-38.182,-73.437,316.2,1.1,1.1,2015-11-29, 14:45,T,0,5.0       ,303.5,13.1
-38.391,-72.951,314.1,1.1,1,2015-11-29, 14:45,T,60,5.0       ,297.2,12.3
-38.713,-72.653,311.8,1.1,1,2015-11-29, 14:45,T,13,5.0       ,300.7,7.9
-38.747,-72.95,313,1.1,1,2015-11-29, 14:45,T,47,5.0       ,301.4,9.3
-38.982,-72.642,311.1,1.1,1,2015-11-29, 14:45,T,39,5.0       ,299.6,7.9
-13.267,-65.093,332,1,1,2015-11-29, 14:40,T,57,5.0       ,298.7,22.8
-13.044,-67.688,333.4,1.3,1.1,2015-11-29, 14:40,T,63,5.0       ,302.9,26.6
-14.246,-59.934,313.5,1.6,1.2,2015-11-29, 14:40,T,49,5.0       ,296.4,17.5
-29.148,-59.655,310.9,2.6,1.6,2015-11-29, 14:40,T,27,5.0       ,298.1,30.1
-31.252,-61.492,315.2,2.1,1.4,2015-11-29, 14:40,T,41,5.0       ,299.2,18.2
-31.252,-61.497,314.9,2.1,1.4,2015-11-29, 14:40,T,30,5.0       ,299.4,18
4.545,-60.657,321.3,1,1,2015-11-29, 14:35,T,74,5.0       ,298,16.9
4.318,-60.808,328,1,1,2015-11-29, 14:35,T,79,5.0       ,304.4,19
4.049,-59.552,327.9,1,1,2015-11-29, 14:35,T,51,5.0       ,307.3,12.7
4.061,-60.005,323.4,1,1,2015-11-29, 14:35,T,49,5.0       ,305.8,11.1
3.681,-59.312,322.9,1.1,1,2015-11-29, 14:35,T,67,5.0       ,304.7,17.7
3.641,-59.41,330.8,1,1,2015-11-29, 14:35,T,82,5.0       ,302,22.7
3.327,-59.715,328.8,1,1,2015-11-29, 14:35,T,71,5.0       ,306.5,16.8
3.278,-60.072,325.4,1,1,2015-11-29, 14:35,T,74,5.0       ,306.6,10
2.924,-59.487,314.8,1.1,1,2015-11-29, 14:35,T,53,5.0       ,287.8,9.4
2.909,-60.44,320.2,1,1,2015-11-29, 14:35,T,40,5.0       ,302.8,9.6
2.766,-59.908,327.9,1,1,2015-11-29, 14:35,T,30,5.0       ,305.7,16.7
2.918,-61.063,333.9,1,1,2015-11-29, 14:35,T,78,5.0       ,304.7,20.8
2.586,-59.503,328.2,1.1,1,2015-11-29, 14:35,T,81,5.0       ,307.2,12.4
1.984,-56.049,332.6,1.7,1.3,2015-11-29, 14:35,T,85,5.0       ,301.7,57.8
1.987,-56.054,326.8,1.7,1.3,2015-11-29, 14:35,T,71,5.0       ,302.6,38.6
1.984,-56.039,320.1,1.7,1.3,2015-11-29, 14:35,T,32,5.0       ,300,17
2.334,-59.795,327.9,1,1,2015-11-29, 14:35,T,81,5.0       ,302.8,15
2.013,-60.858,319.9,1,1,2015-11-29, 14:35,T,68,5.0       ,301.4,11.8
2.026,-61.074,316.5,1,1,2015-11-29, 14:35,T,19,5.0       ,301.3,7.9
1.826,-61.221,319.1,1,1,2015-11-29, 14:35,T,47,5.0       ,302.3,10.1
1.697,-60.84,318.7,1,1,2015-11-29, 14:35,T,68,5.0       ,302.8,10.4
1.659,-61.206,315.9,1,1,2015-11-29, 14:35,T,61,5.0       ,299.3,10
1.143,-60.462,319.3,1,1,2015-11-29, 14:35,T,71,5.0       ,300.9,14.1
1.142,-60.453,325,1,1,2015-11-29, 14:35,T,78,5.0       ,301.1,21.3
1.134,-60.464,316.2,1,1,2015-11-29, 14:35,T,49,5.0       ,299.2,10.2
0.947,-59.394,318.4,1.1,1,2015-11-29, 14:35,T,70,5.0       ,304.5,14.4
0.942,-59.53,334.5,1.1,1,2015-11-29, 14:35,T,86,5.0       ,301.7,37.6
0.955,-59.685,319.5,1.1,1,2015-11-29, 14:35,T,71,5.0       ,300.5,15.9
-0.289,-51.548,313.4,4.3,1.9,2015-11-29, 14:35,T,58,5.0       ,291.1,74.2
0.912,-60.145,324.3,1,1,2015-11-29, 14:35,T,73,5.0       ,302.2,18.1
0.911,-60.136,320.7,1,1,2015-11-29, 14:35,T,49,5.0       ,302.7,13.1
0.809,-59.575,317,1.1,1,2015-11-29, 14:35,T,65,5.0       ,300.3,10.5
0.763,-59.393,318.8,1.1,1,2015-11-29, 14:35,T,62,5.0       ,302.1,13.7
0.837,-60.068,319.5,1,1,2015-11-29, 14:35,T,71,5.0       ,301.1,12.2
0.697,-59.568,316,1.1,1,2015-11-29, 14:35,T,44,5.0       ,302.1,9.4
0.796,-60.417,319.6,1,1,2015-11-29, 14:35,T,71,5.0       ,302.6,12.3
0.664,-59.519,314.3,1.1,1,2015-11-29, 14:35,T,60,5.0       ,300.9,8.8
0.549,-59.874,314.5,1.1,1,2015-11-29, 14:35,T,61,5.0       ,300.7,8.4
0.548,-59.864,316.7,1.1,1,2015-11-29, 14:35,T,66,5.0       ,301,11.3
0.695,-61.539,316.6,1,1,2015-11-29, 14:35,T,37,5.0       ,299.7,9.3
0.502,-60.552,321.9,1,1,2015-11-29, 14:35,T,75,5.0       ,304.1,15.5
0.629,-61.591,317.9,1,1,2015-11-29, 14:35,T,67,5.0       ,300.8,11.2
0.56,-61.625,316.9,1,1,2015-11-29, 14:35,T,65,5.0       ,300.5,10.6
0.558,-61.616,317.2,1,1,2015-11-29, 14:35,T,64,5.0       ,299.8,11.1
-1.125,-53.706,314.7,3,1.6,2015-11-29, 14:35,T,58,5.0       ,291.9,60.1
-1.126,-53.711,310.4,3,1.6,2015-11-29, 14:35,T,37,5.0       ,292.3,42
-1.202,-53.914,313,2.9,1.6,2015-11-29, 14:35,T,27,5.0       ,295,43
-1.206,-53.889,317.3,2.9,1.6,2015-11-29, 14:35,T,64,5.0       ,292.8,62.1
-1.324,-54.011,320.2,2.8,1.6,2015-11-29, 14:35,T,63,5.0       ,297,56.6
-1.329,-53.993,317.8,2.9,1.6,2015-11-29, 14:35,T,24,5.0       ,296.4,41.1
-1.166,-55.7,315.4,2.1,1.4,2015-11-29, 14:35,T,59,5.0       ,298.3,29.8
-1.643,-55.011,320.9,2.4,1.5,2015-11-29, 14:35,T,73,5.0       ,299,44.2
-1.76,-54.48,329.6,2.7,1.6,2015-11-29, 14:35,T,82,5.0       ,298.8,91.7
-1.743,-54.981,319.7,2.4,1.5,2015-11-29, 14:35,T,71,5.0       ,298.7,46.3
-1.752,-54.989,315.9,2.4,1.5,2015-11-29, 14:35,T,62,5.0       ,297.5,31.3
-1.407,-60.095,320.8,1.1,1,2015-11-29, 14:35,T,55,5.0       ,300.1,12.4
-1.945,-56.639,313,1.8,1.3,2015-11-29, 14:35,T,56,5.0       ,296.5,16.6
-2.399,-56.124,317.5,2,1.4,2015-11-29, 14:35,T,68,5.0       ,300.2,29.7
-2.402,-56.106,316.3,2,1.4,2015-11-29, 14:35,T,66,5.0       ,299.8,25.9
-2.404,-56.112,320.3,2,1.4,2015-11-29, 14:35,T,72,5.0       ,300,39.1
-1.923,-60.147,315.2,1.1,1,2015-11-29, 14:35,T,63,5.0       ,297.1,11.2
-1.969,-60.094,315,1.1,1,2015-11-29, 14:35,T,40,5.0       ,296.5,10.4
-2.093,-59.317,316.2,1.2,1.1,2015-11-29, 14:35,T,65,5.0       ,298.8,15.1
-2.993,-54.56,314.3,2.7,1.6,2015-11-29, 14:35,T,16,5.0       ,291.7,30.5
-2.703,-58.135,312.6,1.4,1.2,2015-11-29, 14:35,T,55,5.0       ,294.4,14.2
-2.96,-56.682,325.5,1.9,1.3,2015-11-29, 14:35,T,79,5.0       ,302.1,47.9
-2.962,-56.665,320.5,1.9,1.3,2015-11-29, 14:35,T,68,5.0       ,301.3,30.9
-2.955,-56.671,324.3,1.9,1.3,2015-11-29, 14:35,T,63,5.0       ,302.7,41.7
-2.863,-57.815,368.9,1.5,1.2,2015-11-29, 14:35,T,100,5.0       ,300.3,209
-2.865,-57.801,347.7,1.5,1.2,2015-11-29, 14:35,T,94,5.0       ,299.8,104.8
-2.952,-57.201,317,1.7,1.3,2015-11-29, 14:35,T,61,5.0       ,301.3,16.8
-2.954,-57.186,316.9,1.7,1.3,2015-11-29, 14:35,T,55,5.0       ,301.9,16.8
-3.08,-56.569,334.7,1.9,1.3,2015-11-29, 14:35,T,86,5.0       ,299,84.6
-3.085,-56.575,331.1,1.9,1.3,2015-11-29, 14:35,T,84,5.0       ,300.1,69.1
-2.953,-57.749,321.1,1.5,1.2,2015-11-29, 14:35,T,73,5.0       ,298.3,24.6
-2.989,-57.584,315.8,1.6,1.2,2015-11-29, 14:35,T,54,5.0       ,299.6,15.2
-2.965,-57.821,325,1.5,1.2,2015-11-29, 14:35,T,78,5.0       ,295.4,34.8
-2.967,-57.807,319.6,1.5,1.2,2015-11-29, 14:35,T,71,5.0       ,294.7,22.3
-2.975,-58.384,315.8,1.4,1.2,2015-11-29, 14:35,T,64,5.0       ,292.7,15.6
-2.977,-58.372,321.4,1.4,1.2,2015-11-29, 14:35,T,74,5.0       ,292.5,26.3
-3.141,-58.925,322.4,1.3,1.1,2015-11-29, 14:35,T,75,5.0       ,291.4,27.1
-3.009,-60.038,316.6,1.1,1.1,2015-11-29, 14:35,T,43,5.0       ,298.5,8.8
-3.18,-59.566,316.2,1.2,1.1,2015-11-29, 14:35,T,65,5.0       ,300.7,12.5
-3.129,-60.016,318.7,1.1,1.1,2015-11-29, 14:35,T,0,5.0       ,300.1,13.3
-3.537,-58.581,312.5,1.4,1.2,2015-11-29, 14:35,T,53,5.0       ,296.4,10.2
-4.119,-55.134,313.5,2.6,1.5,2015-11-29, 14:35,T,58,5.0       ,295.6,33.4
-3.509,-59.902,311.9,1.1,1.1,2015-11-29, 14:35,T,45,5.0       ,295.4,8
-3.512,-59.908,313.7,1.1,1.1,2015-11-29, 14:35,T,59,5.0       ,295.7,9.8
-4.405,-55.711,311.1,2.3,1.5,2015-11-29, 14:35,T,43,5.0       ,297.6,22.8
-6.302,-61.176,313.7,1.1,1,2015-11-29, 14:35,T,52,5.0       ,293.5,11.1
-7.033,-62.734,316.5,1,1,2015-11-29, 14:35,T,34,5.0       ,297.1,11.9
-7.034,-62.725,316.1,1,1,2015-11-29, 14:35,T,62,5.0       ,295.9,11.8
-8.571,-63.667,316,1,1,2015-11-29, 14:35,T,61,5.0       ,296.6,10.4
-8.572,-63.658,317.5,1,1,2015-11-29, 14:35,T,68,5.0       ,296.7,12.2
-8.586,-63.63,315.4,1,1,2015-11-29, 14:35,T,26,5.0       ,295.2,9.2
-9.338,-63.147,313,1,1,2015-11-29, 14:35,T,30,5.0       ,288.5,7.7
-9.474,-63.035,318.2,1,1,2015-11-29, 14:35,T,11,5.0       ,298.1,10.7
-12.613,-54.265,320.9,1.1,1.1,2015-11-29, 17:25,A,45,5.0       ,300.1,14.6
-12.969,-57.802,318.5,1.1,1,2015-11-29, 17:25,A,60,5.0       ,292,15.3
-13.411,-62.885,319.4,2.2,1.4,2015-11-29, 17:25,A,61,5.0       ,295.5,46.1
-12.944,-60.496,318.8,1.5,1.2,2015-11-29, 17:25,A,28,5.0       ,299.4,24
-12.888,-60.524,310.8,1.5,1.2,2015-11-29, 17:25,A,37,5.0       ,295.7,10
-11.976,-54.989,321.8,1.1,1,2015-11-29, 17:25,A,52,5.0       ,299.8,16.4
-12.212,-57.776,334.4,1,1,2015-11-29, 17:25,A,75,5.0       ,291.2,35.3
-12.192,-57.905,335.6,1,1,2015-11-29, 17:25,A,87,5.0       ,296,37.4
-11.215,-52.76,319.9,1.4,1.2,2015-11-29, 17:25,A,70,5.0       ,297.2,27.4
-11.843,-56.986,328,1,1,2015-11-29, 17:25,A,78,5.0       ,283.2,27.5
-12.318,-61.667,313,1.7,1.3,2015-11-29, 17:25,A,36,5.0       ,290.5,19
-10.728,-50.852,322,2,1.4,2015-11-29, 17:25,A,63,5.0       ,300.2,30.2
-11.228,-54.719,320.8,1.1,1.1,2015-11-29, 17:25,A,73,5.0       ,301.9,16.6
-11.688,-58.641,331.2,1.1,1,2015-11-29, 17:25,A,84,5.0       ,291.2,35.3
-10.886,-58.431,314.8,1.1,1,2015-11-29, 17:25,A,46,5.0       ,288.7,6.9
-10.376,-56.311,346.2,1,1,2015-11-29, 17:25,A,93,5.0       ,296.3,55.5
-10.744,-59.121,315.4,1.1,1.1,2015-11-29, 17:25,A,64,5.0       ,286.1,16.7
-10.132,-59.421,329.6,1.2,1.1,2015-11-29, 17:25,A,82,5.0       ,298.9,33.1
-9.398,-55.913,319.3,1,1,2015-11-29, 17:25,A,58,5.0       ,299.3,12.6
-9.468,-57.293,319.6,1,1,2015-11-29, 17:25,A,57,5.0       ,289.6,13.5
-9.48,-58.221,315.6,1,1,2015-11-29, 17:25,A,35,5.0       ,287.6,10.9
-10.228,-64.108,333.7,2.5,1.5,2015-11-29, 17:25,A,86,5.0       ,288.9,135.6
-10.231,-64.131,315.9,2.5,1.5,2015-11-29, 17:25,A,52,5.0       ,288.4,40.5
-8.947,-54.657,324.1,1.2,1.1,2015-11-29, 17:25,A,41,5.0       ,299.1,23.3
-10.235,-64.114,314.1,2.5,1.5,2015-11-29, 17:25,A,58,5.0       ,288.8,42.3
-10.221,-64.116,331,2.5,1.5,2015-11-29, 17:25,A,84,5.0       ,289.6,123.7
-2.633,-59.75,350.5,1,1,2015-11-29, 17:30,A,95,5.0       ,301.6,66.5
-2.634,-59.759,392.8,1,1,2015-11-29, 17:30,A,100,5.0       ,305.3,222
-2.065,-56.501,333.9,1.1,1.1,2015-11-29, 17:30,A,86,5.0       ,304.1,30.8
-2.054,-56.492,326.2,1.1,1.1,2015-11-29, 17:30,A,79,5.0       ,306.7,17.9
-2.055,-56.503,334.1,1.1,1.1,2015-11-29, 17:30,A,86,5.0       ,306.9,32.1
-1.376,-52.126,313.1,2.4,1.5,2015-11-29, 17:30,A,28,5.0       ,295.8,25.9
-1.79,-55.193,327.4,1.4,1.2,2015-11-29, 17:30,A,63,5.0       ,307,22.6
-1.684,-55.301,351.2,1.4,1.2,2015-11-29, 17:30,A,90,5.0       ,301.4,94.9
-1.685,-55.313,345.9,1.3,1.2,2015-11-29, 17:30,A,88,5.0       ,302.6,76.6
-1.576,-55.606,324.3,1.3,1.1,2015-11-29, 17:30,A,77,5.0       ,300.6,25.4
-1.578,-55.618,325.7,1.3,1.1,2015-11-29, 17:30,A,79,5.0       ,300.7,28.5
-2.094,-59.319,314.6,1,1,2015-11-29, 17:30,A,37,5.0       ,294.3,11.2
-1.511,-55.727,322.9,1.3,1.1,2015-11-29, 17:30,A,56,5.0       ,302.9,18.8
-1.4,-55.111,332.5,1.4,1.2,2015-11-29, 17:30,A,85,5.0       ,303.2,42.7
-1.214,-55.864,319.1,1.3,1.1,2015-11-29, 17:30,A,52,5.0       ,296.7,14.8
-1.611,-60.264,314.7,1.1,1,2015-11-29, 17:30,A,62,5.0       ,296.5,10.4
-0.006,-51.47,319.3,2.8,1.6,2015-11-29, 17:30,A,42,5.0       ,298.4,45.7
-0.003,-51.478,319.3,2.8,1.6,2015-11-29, 17:30,A,71,5.0       ,297.9,48.4
0.19,-50.246,317.4,3.6,1.8,2015-11-29, 17:30,A,51,5.0       ,297.2,75.9
0.186,-50.277,316.9,3.5,1.8,2015-11-29, 17:30,A,42,5.0       ,296.9,77.3
0.642,-50.804,330.7,3.3,1.7,2015-11-29, 17:30,A,80,5.0       ,301.3,126.2
0.639,-50.812,328.7,3.3,1.7,2015-11-29, 17:30,A,75,5.0       ,302,108.7
1.148,-51.183,322.8,3.1,1.7,2015-11-29, 17:30,A,62,5.0       ,300.7,75.8
0.177,-60.433,322.2,1,1,2015-11-29, 17:30,A,75,5.0       ,298.7,18.2
1.033,-54.645,321.7,1.7,1.3,2015-11-29, 17:30,A,74,5.0       ,300.5,34.2
1.663,-50.684,330,3.5,1.8,2015-11-29, 17:30,A,65,5.0       ,299.5,145.2
0.61,-59.335,322.7,1,1,2015-11-29, 17:30,A,75,5.0       ,302,16.1
0.569,-59.683,320.5,1,1,2015-11-29, 17:30,A,62,5.0       ,304.1,13.9
0.553,-59.864,318.6,1,1,2015-11-29, 17:30,A,49,5.0       ,303.7,10.3
0.551,-59.873,360.2,1,1,2015-11-29, 17:30,A,100,5.0       ,305.9,88.6
0.616,-59.681,370,1,1,2015-11-29, 17:30,A,100,5.0       ,306.7,117.2
0.658,-59.521,322.1,1,1,2015-11-29, 17:30,A,63,5.0       ,304,13.9
0.667,-59.522,325.7,1,1,2015-11-29, 17:30,A,61,5.0       ,305.4,18.3
0.758,-59.399,329.3,1,1,2015-11-29, 17:30,A,67,5.0       ,307.1,22.9
0.738,-59.793,357.1,1,1,2015-11-29, 17:30,A,98,5.0       ,305.7,77.6
0.806,-59.575,318.4,1,1,2015-11-29, 17:30,A,54,5.0       ,302.3,10
0.775,-59.789,324.3,1,1,2015-11-29, 17:30,A,77,5.0       ,298.6,17.4
0.849,-59.47,327.5,1,1,2015-11-29, 17:30,A,72,5.0       ,306.6,19.7
0.848,-59.479,343,1,1,2015-11-29, 17:30,A,92,5.0       ,304.3,45.1
0.847,-59.487,377.4,1,1,2015-11-29, 17:30,A,100,5.0       ,302.6,141.4
0.898,-59.577,323.3,1,1,2015-11-29, 17:30,A,52,5.0       ,298.5,17.2
0.837,-60.07,326.7,1,1,2015-11-29, 17:30,A,80,5.0       ,303.6,20.1
0.943,-59.392,314.7,1,1,2015-11-29, 17:30,A,62,5.0       ,301.1,7.1
0.946,-59.689,315.7,1,1,2015-11-29, 17:30,A,53,5.0       ,302.6,9.1
0.909,-60.142,317.8,1,1,2015-11-29, 17:30,A,59,5.0       ,304.7,9.6
1.02,-59.491,351.4,1,1,2015-11-29, 17:30,A,96,5.0       ,305.2,63.9
1.015,-59.526,330.3,1,1,2015-11-29, 17:30,A,83,5.0       ,302.6,25.5
0.973,-59.821,339.8,1,1,2015-11-29, 17:30,A,90,5.0       ,302.2,41.9
0.982,-59.829,355.9,1,1,2015-11-29, 17:30,A,98,5.0       ,303.6,78
1,-59.895,325.1,1,1,2015-11-29, 17:30,A,62,5.0       ,303.9,17.4
1.009,-59.896,338.5,1,1,2015-11-29, 17:30,A,89,5.0       ,304.6,37.9
0.985,-60.252,316.9,1,1,2015-11-29, 17:30,A,55,5.0       ,301.2,9.7
1.082,-59.767,318.8,1,1,2015-11-29, 17:30,A,66,5.0       ,300.7,12.1
1.081,-59.776,327,1,1,2015-11-29, 17:30,A,80,5.0       ,303.5,22.3
1.196,-60,355.8,1,1,2015-11-29, 17:30,A,98,5.0       ,301.9,75.6
1.195,-60.008,422.8,1,1,2015-11-29, 17:30,A,87,5.0       ,307,411.2
1.141,-60.454,333.7,1,1,2015-11-29, 17:30,A,86,5.0       ,305.8,31.9
4.056,-60.019,322.5,1,1,2015-11-29, 17:30,A,65,5.0       ,299.3,11.5
4.235,-61.013,328.7,1,1,2015-11-29, 17:30,A,63,5.0       ,308,14.6
4.375,-60.753,330.2,1,1,2015-11-29, 17:30,A,83,5.0       ,306.8,19.8
4.373,-60.762,344.2,1,1,2015-11-29, 17:30,A,92,5.0       ,307.3,45.4
4.372,-60.771,322.9,1,1,2015-11-29, 17:30,A,20,5.0       ,304.3,10.3
4.382,-60.763,349.1,1,1,2015-11-29, 17:30,A,95,5.0       ,306.7,57
4.381,-60.772,340,1,1,2015-11-29, 17:30,A,90,5.0       ,301,37.8
4.429,-61.647,315,1.1,1,2015-11-29, 17:30,A,40,5.0       ,298.6,10.2
4.428,-61.657,316.9,1.1,1,2015-11-29, 17:30,A,58,5.0       ,298,11.2
4.755,-65.464,316,1.8,1.3,2015-11-29, 17:30,A,42,5.0       ,296,24.3
4.765,-65.456,317,1.8,1.3,2015-11-29, 17:30,A,54,5.0       ,297.1,24.3
6.295,-57.643,326.6,1.2,1.1,2015-11-29, 17:30,A,80,5.0       ,300.4,22.8
6.293,-57.654,326.9,1.2,1.1,2015-11-29, 17:30,A,80,5.0       ,301.1,21.9
6.433,-57.753,322.7,1.2,1.1,2015-11-29, 17:30,A,73,5.0       ,301.7,13.2
6.696,-58.06,317.5,1.2,1.1,2015-11-29, 17:30,A,37,5.0       ,298.2,10.4
6.705,-58.061,334.6,1.2,1.1,2015-11-29, 17:30,A,86,5.0       ,298.7,40.1
6.704,-58.072,331,1.2,1.1,2015-11-29, 17:30,A,84,5.0       ,297.8,33.6
6.714,-58.073,316.5,1.2,1.1,2015-11-29, 17:30,A,50,5.0       ,297.3,10.4
6.712,-58.084,317.8,1.2,1.1,2015-11-29, 17:30,A,61,5.0       ,297.1,13.4
6.654,-63.34,315.5,1.2,1.1,2015-11-29, 17:30,A,34,5.0       ,298,10.6
6.256,-67.668,317.7,2.5,1.5,2015-11-29, 17:30,A,59,5.0       ,292.2,35.4
7.212,-61.448,319.4,1,1,2015-11-29, 17:30,A,70,5.0       ,299.4,13.8
6.263,-67.676,315.6,2.5,1.5,2015-11-29, 17:30,A,40,5.0       ,292.2,34
7.218,-61.72,328.9,1,1,2015-11-29, 17:30,A,70,5.0       ,304.7,19.8
7.321,-62.455,317.5,1.1,1,2015-11-29, 17:30,A,59,5.0       ,299.2,10.2
7.237,-63.012,319.2,1.1,1.1,2015-11-29, 17:30,A,71,5.0       ,301.2,10.3
7.493,-65.287,320.5,1.6,1.2,2015-11-29, 17:30,A,73,5.0       ,290.9,29
7.759,-64.435,334.8,1.4,1.2,2015-11-29, 17:30,A,86,5.0       ,296.3,55.8
7.756,-64.428,321.9,1.4,1.2,2015-11-29, 17:30,A,67,5.0       ,295.2,26.7
7.755,-64.44,328.4,1.4,1.2,2015-11-29, 17:30,A,81,5.0       ,296.4,39.4
7.707,-65.545,324.2,1.6,1.3,2015-11-29, 17:30,A,69,5.0       ,297,35.9
7.704,-65.56,326.3,1.6,1.3,2015-11-29, 17:30,A,79,5.0       ,297.2,40.7
7.914,-64.667,325.9,1.4,1.2,2015-11-29, 17:30,A,79,5.0       ,295.4,28.4
7.785,-66.603,323.4,2,1.4,2015-11-29, 17:30,A,76,5.0       ,295.3,46.6
7.782,-66.62,332.1,2,1.4,2015-11-29, 17:30,A,84,5.0       ,295.4,80.1
7.788,-66.608,322.3,2,1.4,2015-11-29, 17:30,A,66,5.0       ,294.8,39
7.785,-66.626,323.5,2,1.4,2015-11-29, 17:30,A,70,5.0       ,294.6,44.4
8.002,-65.716,320.4,1.7,1.3,2015-11-29, 17:30,A,65,5.0       ,296.8,21.5
8,-65.731,326.7,1.7,1.3,2015-11-29, 17:30,A,80,5.0       ,297.1,36.3
8.332,-63.607,325.6,1.2,1.1,2015-11-29, 17:30,A,79,5.0       ,298.5,22.5
8.011,-65.879,321.8,1.7,1.3,2015-11-29, 17:30,A,66,5.0       ,298.3,21.8
8.008,-65.894,321.4,1.7,1.3,2015-11-29, 17:30,A,63,5.0       ,297.4,20.9
8.424,-63.412,330,1.2,1.1,2015-11-29, 17:30,A,72,5.0       ,302.3,30.5
8.05,-66.158,321.3,1.8,1.3,2015-11-29, 17:30,A,64,5.0       ,296.3,26.9
8.047,-66.174,332,1.8,1.3,2015-11-29, 17:30,A,84,5.0       ,297.1,64
8.045,-66.162,327.4,1.8,1.3,2015-11-29, 17:30,A,80,5.0       ,295.4,46.3
8.042,-66.178,324.4,1.8,1.3,2015-11-29, 17:30,A,77,5.0       ,295.7,38.5
8.115,-65.947,333.1,1.7,1.3,2015-11-29, 17:30,A,85,5.0       ,296,60.9
8.133,-66.81,314.6,2,1.4,2015-11-29, 17:30,A,43,5.0       ,292.4,23.1
8.549,-64.14,322.5,1.3,1.1,2015-11-29, 17:30,A,44,5.0       ,303.2,16.7
8.135,-66.816,318.5,2,1.4,2015-11-29, 17:30,A,70,5.0       ,292.6,38.6
8.38,-66.402,333.4,1.9,1.3,2015-11-29, 17:30,A,81,5.0       ,296.7,71.2
8.385,-66.408,333.9,1.9,1.3,2015-11-29, 17:30,A,86,5.0       ,296.9,73.2
8.49,-66.483,318.5,1.9,1.3,2015-11-29, 17:30,A,52,5.0       ,296.1,19.8
8.425,-67.127,317.1,2.1,1.4,2015-11-29, 17:30,A,63,5.0       ,291.2,34
8.438,-67.129,336.3,2.1,1.4,2015-11-29, 17:30,A,83,5.0       ,290.5,110.4
9.473,-64.393,314.4,1.3,1.1,2015-11-29, 17:30,A,60,5.0       ,297.7,12.2
9.615,-63.717,326.3,1.2,1.1,2015-11-29, 17:30,A,79,5.0       ,298.7,28.1
9.613,-63.727,372.1,1.2,1.1,2015-11-29, 17:30,A,100,5.0       ,300.9,160.3
9.648,-63.526,324.7,1.1,1.1,2015-11-29, 17:30,A,78,5.0       ,298.3,23.4
9.646,-63.537,323.6,1.1,1.1,2015-11-29, 17:30,A,77,5.0       ,299.1,20.5
9.618,-63.724,354.3,1.2,1.1,2015-11-29, 17:30,A,97,5.0       ,301.4,93.9
9.616,-63.734,325.5,1.2,1.1,2015-11-29, 17:30,A,75,5.0       ,298.6,26.6
9.651,-63.569,337.9,1.1,1.1,2015-11-29, 17:30,A,88,5.0       ,298.5,49.4
9.645,-63.61,315.2,1.2,1.1,2015-11-29, 17:30,A,56,5.0       ,297.1,11.1
9.653,-63.622,351,1.2,1.1,2015-11-29, 17:30,A,90,5.0       ,298.3,84.1
9.128,-67.33,324.4,2.1,1.4,2015-11-29, 17:30,A,77,5.0       ,293,59.3
9.125,-67.349,317.8,2.1,1.4,2015-11-29, 17:30,A,49,5.0       ,294,34.7
-3.491,-39.121,347.5,1.9,1.3,2015-11-29, 15:50,A,94,5.0       ,306.6,124
-3.479,-39.122,328.2,1.9,1.3,2015-11-29, 15:50,A,81,5.0       ,306,41.1
-3.483,-39.11,362.2,1.9,1.3,2015-11-29, 15:50,A,100,5.0       ,306.1,215.1
-3.486,-39.127,332.7,1.9,1.3,2015-11-29, 15:50,A,85,5.0       ,306.8,57.2
-3.507,-39.541,334.8,2,1.4,2015-11-29, 15:50,A,86,5.0       ,305.2,70.8
-3.51,-39.56,329.6,2,1.4,2015-11-29, 15:50,A,82,5.0       ,305,50.3
-3.381,-39.389,322.1,1.9,1.4,2015-11-29, 15:50,A,75,5.0       ,304.8,21.2
-3.384,-39.406,328,1.9,1.4,2015-11-29, 15:50,A,81,5.0       ,304.2,40.9
-3.729,-42.695,323.1,3.6,1.8,2015-11-29, 15:50,A,76,5.0       ,303.2,72.2
-3.756,-43.276,324.3,4,1.9,2015-11-29, 15:50,A,72,5.0       ,301.4,91.6
-3.746,-43.248,321.2,4,1.9,2015-11-29, 15:50,A,52,5.0       ,301.2,62.1
-3.751,-43.283,320.8,4,1.9,2015-11-29, 15:50,A,71,5.0       ,301.2,66.4
-3.377,-40.776,326.3,2.5,1.5,2015-11-29, 15:50,A,56,5.0       ,305.4,43.2
-3.459,-41.489,326.1,2.9,1.6,2015-11-29, 15:50,A,79,5.0       ,309.8,43
-3.463,-41.515,331.6,2.9,1.6,2015-11-29, 15:50,A,84,5.0       ,310.5,78.5
-3.536,-42.054,339.5,3.2,1.7,2015-11-29, 15:50,A,89,5.0       ,303.1,180.8
-3.539,-42.082,333.1,3.2,1.7,2015-11-29, 15:50,A,85,5.0       ,304.4,129.8
-3.428,-41.361,322.7,2.8,1.6,2015-11-29, 15:50,A,57,5.0       ,303.8,43
-3.52,-42.056,325,3.2,1.7,2015-11-29, 15:50,A,78,5.0       ,303.1,62.7
-3.524,-42.085,321.8,3.2,1.7,2015-11-29, 15:50,A,59,5.0       ,301.7,43.4
-3.458,-41.494,328.8,2.9,1.6,2015-11-29, 15:50,A,82,5.0       ,309.9,59
-3.462,-41.52,327.8,2.9,1.6,2015-11-29, 15:50,A,81,5.0       ,310.5,51.1
-3.48,-41.65,324,2.9,1.6,2015-11-29, 15:50,A,55,5.0       ,307.1,47.4
-3.538,-42.058,328.2,3.2,1.7,2015-11-29, 15:50,A,81,5.0       ,302.9,87.8
-3.425,-41.366,325.1,2.8,1.6,2015-11-29, 15:50,A,76,5.0       ,304,59.6
-3.523,-42.061,339.4,3.2,1.7,2015-11-29, 15:50,A,89,5.0       ,303,181.2
-3.527,-42.089,325.1,3.2,1.7,2015-11-29, 15:50,A,71,5.0       ,301.3,65.5
-3.293,-40.527,337.5,2.4,1.5,2015-11-29, 15:50,A,88,5.0       ,308.7,93.7
-3.244,-40.469,341,2.3,1.5,2015-11-29, 15:50,A,90,5.0       ,307.4,117
-3.329,-41.089,335.8,2.6,1.6,2015-11-29, 15:50,A,87,5.0       ,305.8,112
-3.332,-41.113,357.8,2.7,1.6,2015-11-29, 15:50,A,99,5.0       ,306.4,313.1
-3.234,-40.477,331.2,2.3,1.5,2015-11-29, 15:50,A,79,5.0       ,308.1,62.1
-3.477,-42.847,323.9,3.7,1.8,2015-11-29, 15:50,A,77,5.0       ,302.7,71.4
-3.481,-42.879,327,3.7,1.8,2015-11-29, 15:50,A,80,5.0       ,301.9,94.7
-3.213,-41.018,336.3,2.6,1.5,2015-11-29, 15:50,A,87,5.0       ,307.1,103.3
-3.216,-41.041,337.9,2.6,1.6,2015-11-29, 15:50,A,89,5.0       ,306.6,114
-3.423,-42.691,325.6,3.6,1.8,2015-11-29, 15:50,A,75,5.0       ,303.4,85.6
-3.208,-41.024,338.9,2.6,1.5,2015-11-29, 15:50,A,89,5.0       ,307.5,122.5
-3.211,-41.047,329.3,2.6,1.6,2015-11-29, 15:50,A,82,5.0       ,305.5,58.3
-3.469,-42.853,327,3.7,1.8,2015-11-29, 15:50,A,80,5.0       ,302.7,98.7
-3.474,-42.885,324.8,3.7,1.8,2015-11-29, 15:50,A,75,5.0       ,301.5,75.7
-3.282,-41.964,322.4,3.1,1.7,2015-11-29, 15:50,A,75,5.0       ,305.7,39.1
-3.259,-42.024,339.1,3.1,1.7,2015-11-29, 15:50,A,89,5.0       ,305.9,162.5
-3.244,-42.026,370.9,3.1,1.7,2015-11-29, 15:50,A,100,5.0       ,306.5,578.2
-3.248,-42.054,326.8,3.1,1.7,2015-11-29, 15:50,A,80,5.0       ,305.6,59.4
-3.067,-40.814,325.1,2.5,1.5,2015-11-29, 15:50,A,33,5.0       ,300.3,42.9
-3.07,-40.797,324.9,2.5,1.5,2015-11-29, 15:50,A,59,5.0       ,303.1,44.2
-3.241,-42.005,332.9,3.1,1.7,2015-11-29, 15:50,A,85,5.0       ,306,104.2
-3.245,-42.033,372.8,3.1,1.7,2015-11-29, 15:50,A,100,5.0       ,306.5,611.1
-3.204,-42.066,342.3,3.1,1.7,2015-11-29, 15:50,A,91,5.0       ,309.2,193.5
-3.189,-42.068,353,3.1,1.7,2015-11-29, 15:50,A,97,5.0       ,302.9,317.6
-3.166,-42.015,331.3,3.1,1.7,2015-11-29, 15:50,A,84,5.0       ,304.3,105.4
-3.112,-41.721,353,2.9,1.6,2015-11-29, 15:50,A,97,5.0       ,303.7,300.2
-3.115,-41.747,346.5,3,1.6,2015-11-29, 15:50,A,93,5.0       ,302.5,230.5
-3.187,-42.045,327.3,3.1,1.7,2015-11-29, 15:50,A,54,5.0       ,305.7,67.9
-3.191,-42.073,355.9,3.1,1.7,2015-11-29, 15:50,A,98,5.0       ,303.8,357.1
-3.195,-42.101,331.5,3.2,1.7,2015-11-29, 15:50,A,74,5.0       ,303.2,103.3
-3.168,-42.019,331.6,3.1,1.7,2015-11-29, 15:50,A,84,5.0       ,304.5,110.5
-3.111,-41.726,359,2.9,1.6,2015-11-29, 15:50,A,99,5.0       ,303.6,371
-3.115,-41.752,335.2,3,1.6,2015-11-29, 15:50,A,87,5.0       ,302.1,128.3
-3.078,-41.92,327.3,3,1.7,2015-11-29, 15:50,A,80,5.0       ,303.2,77.9
-3.082,-41.947,327.1,3.1,1.7,2015-11-29, 15:50,A,80,5.0       ,303.5,76.5
-3.156,-42.492,331.3,3.4,1.7,2015-11-29, 15:50,A,84,5.0       ,303.8,136.2
-3.078,-41.927,328.5,3,1.7,2015-11-29, 15:50,A,81,5.0       ,303.4,87.8
-6.789,-79.786,319.4,2.9,1.6,2015-11-29, 16:15,T,71,5.0       ,292.9,38.2
-6.792,-79.76,318.7,2.9,1.6,2015-11-29, 16:15,T,70,5.0       ,293.1,34.7
-6.779,-79.765,321.1,2.9,1.6,2015-11-29, 16:15,T,74,5.0       ,292.7,49.1
-9.939,-62.383,313.6,1.8,1.3,2015-11-29, 17:25,A,49,5.0       ,291.3,28.4
-9.945,-62.388,310.9,1.8,1.3,2015-11-29, 17:25,A,17,5.0       ,290.2,18.5
-8.873,-54.911,331.4,1.2,1.1,2015-11-29, 17:25,A,84,5.0       ,296.6,36.4
-9.408,-59.216,372.4,1.1,1.1,2015-11-29, 17:25,A,100,5.0       ,287.2,152.1
-9.41,-59.226,325.6,1.1,1.1,2015-11-29, 17:25,A,79,5.0       ,285.8,28.4
-9.905,-63.775,322.1,2.3,1.5,2015-11-29, 17:25,A,75,5.0       ,287.1,65.2
-9.378,-61.482,311.7,1.5,1.2,2015-11-29, 17:25,A,33,5.0       ,291.8,16.6
-34.91,-54.961,319.1,1.3,1.1,2015-11-29, 17:20,A,46,5.0       ,299.2,19
-34.722,-55.959,312.2,1.5,1.2,2015-11-29, 17:20,A,53,5.0       ,299.6,14
-34.484,-54.337,314.8,1.2,1.1,2015-11-29, 17:20,A,62,5.0       ,300,14.1
-34.528,-56.287,311.6,1.5,1.2,2015-11-29, 17:20,A,50,5.0       ,300.4,13.9
-34.385,-55.243,312,1.3,1.1,2015-11-29, 17:20,A,28,5.0       ,300.2,10
-34.374,-55.245,313.3,1.3,1.1,2015-11-29, 17:20,A,44,5.0       ,300.8,11.5
-34.103,-56.225,313.2,1.5,1.2,2015-11-29, 17:20,A,57,5.0       ,301.4,12.7
-34.099,-56.215,312.9,1.5,1.2,2015-11-29, 17:20,A,37,5.0       ,301,10.6
-32.372,-54.169,320.2,1.1,1.1,2015-11-29, 17:20,A,62,5.0       ,304.7,16.4
-31.196,-53.641,314.6,1.1,1,2015-11-29, 17:20,A,52,5.0       ,301.2,11.2
-31.613,-57.775,310.5,1.7,1.3,2015-11-29, 17:20,A,22,5.0       ,299.7,8.8
-30.161,-54.544,314.3,1.1,1,2015-11-29, 17:20,A,40,5.0       ,302.5,6.7
-29.715,-57.088,313.8,1.5,1.2,2015-11-29, 17:20,A,34,5.0       ,302.4,13.4
-29.152,-59.259,313,2,1.4,2015-11-29, 17:20,A,34,5.0       ,300.5,23.9
-29.149,-59.652,314,2.1,1.4,2015-11-29, 17:20,A,33,5.0       ,300,26.2
10.206,-64.618,317.4,1.3,1.1,2015-11-29, 17:35,A,29,5.0       ,295.8,15.6
-7.656,-61.221,310.1,1.4,1.2,2015-11-29, 17:30,A,20,5.0       ,290.5,10.5
-7.656,-61.375,311.9,1.4,1.2,2015-11-29, 17:30,A,35,5.0       ,295.2,11
-6.593,-58.616,310.4,1,1,2015-11-29, 17:30,A,27,5.0       ,288.3,8.2
-6.476,-58.561,312.3,1,1,2015-11-29, 17:30,A,37,5.0       ,288.6,10.9
-7.041,-62.741,310.8,1.7,1.3,2015-11-29, 17:30,A,37,5.0       ,289.5,21.2
-3.954,-56.075,333,1.1,1.1,2015-11-29, 17:30,A,80,5.0       ,301.6,35.3
-3.581,-56.863,320.6,1.1,1,2015-11-29, 17:30,A,73,5.0       ,303.6,14.2
-3.423,-57.999,322.3,1,1,2015-11-29, 17:30,A,67,5.0       ,303.8,9
-3.424,-58.007,319.4,1,1,2015-11-29, 17:30,A,47,5.0       ,303.2,6.3
-3.415,-58.009,334.3,1,1,2015-11-29, 17:30,A,86,5.0       ,304.5,25.9
-3.423,-58.063,343,1,1,2015-11-29, 17:30,A,92,5.0       ,306.3,43.3
-3.424,-58.071,325,1,1,2015-11-29, 17:30,A,57,5.0       ,304.5,13.9
-3.406,-58.01,329.9,1,1,2015-11-29, 17:30,A,83,5.0       ,305.5,18.8
-3.352,-57.89,321.2,1,1,2015-11-29, 17:30,A,56,5.0       ,304.9,10.7
-3.356,-58.179,320.7,1,1,2015-11-29, 17:30,A,57,5.0       ,300.2,13.6
-3.636,-60.143,316.4,1.1,1,2015-11-29, 17:30,A,57,5.0       ,296.2,11
-3.494,-59.406,317.9,1,1,2015-11-29, 17:30,A,64,5.0       ,288.7,15
-3.078,-56.582,321.8,1.1,1,2015-11-29, 17:30,A,36,5.0       ,303.1,12.2
-3.266,-57.936,322.7,1,1,2015-11-29, 17:30,A,68,5.0       ,305,12.5
-3.225,-57.837,321.8,1,1,2015-11-29, 17:30,A,37,5.0       ,304.6,12
-3.226,-57.846,328.7,1,1,2015-11-29, 17:30,A,82,5.0       ,305,21.1
-3.118,-57.675,331,1,1,2015-11-29, 17:30,A,79,5.0       ,304.1,24.2
-3.401,-59.648,332.5,1,1,2015-11-29, 17:30,A,85,5.0       ,290.7,35.8
-2.965,-56.671,336.3,1.1,1,2015-11-29, 17:30,A,65,5.0       ,304.9,36.5
-2.966,-56.681,360.9,1.1,1,2015-11-29, 17:30,A,87,5.0       ,307.2,99
-2.955,-56.672,351.4,1.1,1,2015-11-29, 17:30,A,90,5.0       ,306.6,71.9
-2.957,-56.682,324.4,1.1,1,2015-11-29, 17:30,A,52,5.0       ,301.6,17.6
-3.488,-60.395,313.9,1.1,1,2015-11-29, 17:30,A,60,5.0       ,293.6,10.7
-3.145,-58.121,320.7,1,1,2015-11-29, 17:30,A,72,5.0       ,302.5,10.3
-2.958,-57.195,351.7,1.1,1,2015-11-29, 17:30,A,96,5.0       ,308.1,66.4
-2.96,-57.205,324.3,1.1,1,2015-11-29, 17:30,A,68,5.0       ,305.8,13.8
-2.988,-57.4,319,1,1,2015-11-29, 17:30,A,70,5.0       ,303.8,10.8
-3.035,-57.859,343.9,1,1,2015-11-29, 17:30,A,92,5.0       ,306,45
-3.008,-57.733,321.6,1,1,2015-11-29, 17:30,A,64,5.0       ,305.9,10.9
-3.023,-57.842,328.8,1,1,2015-11-29, 17:30,A,58,5.0       ,307.5,15.6
-3.142,-58.802,319.1,1,1,2015-11-29, 17:30,A,67,5.0       ,298.4,11.8
-2.782,-56.502,367.1,1.1,1.1,2015-11-29, 17:30,A,100,5.0       ,304,126.3
-2.921,-57.52,324.6,1,1,2015-11-29, 17:30,A,73,5.0       ,301.9,17.2
-2.954,-57.748,326.1,1,1,2015-11-29, 17:30,A,24,5.0       ,306.5,14.8
-2.955,-57.757,340.2,1,1,2015-11-29, 17:30,A,90,5.0       ,307.6,37
-2.949,-57.776,336.9,1,1,2015-11-29, 17:30,A,83,5.0       ,309.4,29.9
-2.95,-57.785,328.5,1,1,2015-11-29, 17:30,A,47,5.0       ,309.1,17
-2.919,-57.697,330.7,1,1,2015-11-29, 17:30,A,83,5.0       ,307.2,20.4
-2.938,-57.833,330.7,1,1,2015-11-29, 17:30,A,82,5.0       ,306.4,21
-2.846,-57.256,324,1,1,2015-11-29, 17:30,A,62,5.0       ,305.3,14.1
-2.826,-57.25,339.4,1,1,2015-11-29, 17:30,A,89,5.0       ,306.3,37.5
-2.828,-57.259,342,1,1,2015-11-29, 17:30,A,91,5.0       ,305.9,42.3
-2.98,-58.376,326,1,1,2015-11-29, 17:30,A,77,5.0       ,304.8,15.5
-2.964,-58.397,331.2,1,1,2015-11-29, 17:30,A,84,5.0       ,301.9,22.1
-2.87,-57.803,327.5,1,1,2015-11-29, 17:30,A,81,5.0       ,308.8,18.8
-2.872,-57.812,329.6,1,1,2015-11-29, 17:30,A,82,5.0       ,309.2,22
-2.873,-57.821,329.6,1,1,2015-11-29, 17:30,A,74,5.0       ,305.3,22.1
-2.861,-57.804,329.4,1,1,2015-11-29, 17:30,A,72,5.0       ,304.9,21.9
-2.862,-57.813,350.3,1,1,2015-11-29, 17:30,A,95,5.0       ,307.7,61.3
-2.917,-58.318,328.9,1,1,2015-11-29, 17:30,A,71,5.0       ,307.6,15.7
-2.922,-58.354,328.4,1,1,2015-11-29, 17:30,A,81,5.0       ,306,16.8
-2.923,-58.363,339.2,1,1,2015-11-29, 17:30,A,89,5.0       ,305.9,35
-2.821,-57.717,333.7,1,1,2015-11-29, 17:30,A,63,5.0       ,310.4,25.6
-2.512,-56.217,323.4,1.2,1.1,2015-11-29, 17:30,A,56,5.0       ,301.7,18
-2.795,-58.242,327.7,1,1,2015-11-29, 17:30,A,76,5.0       ,301.8,19.6
-2.796,-58.251,330.8,1,1,2015-11-29, 17:30,A,83,5.0       ,300.4,24.4
-2.462,-56.214,327.3,1.2,1.1,2015-11-29, 17:30,A,80,5.0       ,303.4,26
-2.464,-56.224,319.2,1.2,1.1,2015-11-29, 17:30,A,43,5.0       ,300.9,12.5
-2.46,-56.219,328.5,1.2,1.1,2015-11-29, 17:30,A,81,5.0       ,301.5,29.3
-2.706,-58.133,318.2,1,1,2015-11-29, 17:30,A,52,5.0       ,303.4,9.7
-2.744,-60.203,313.9,1.1,1,2015-11-29, 17:30,A,48,5.0       ,290.3,10.1
-2.735,-60.204,316.4,1.1,1,2015-11-29, 17:30,A,60,5.0       ,293.1,13.6
-38.772,-72.766,313.6,1.1,1,2015-11-29, 19:00,A,40,5.0       ,302.6,6.6
-38.176,-73.428,367.1,1,1,2015-11-29, 19:00,A,87,5.0       ,305.6,114.9
-38.178,-73.44,427.8,1,1,2015-11-29, 19:00,A,0,5.0       ,321.7,473.8
-37.244,-71.943,318.4,1.2,1.1,2015-11-29, 19:00,A,45,5.0       ,307.6,13.4
-37.08,-73.048,323.2,1.1,1,2015-11-29, 19:00,A,76,5.0       ,305.4,21.1
-37.082,-73.06,327.5,1.1,1,2015-11-29, 19:00,A,81,5.0       ,305.9,27.6
-36.957,-73.016,315.3,1.1,1,2015-11-29, 19:00,A,50,5.0       ,304.9,10.7
-34.561,-72.026,331.8,1.3,1.1,2015-11-29, 19:00,A,64,5.0       ,299.4,46.3
-11.159,-77.583,343.3,1.4,1.2,2015-11-29, 19:05,A,69,5.0       ,305.6,59.3
-3.953,-79.664,318.4,1.3,1.1,2015-11-29, 19:05,A,64,5.0       ,298.3,15.1
0.068,-80.042,322.7,1.4,1.2,2015-11-29, 19:10,A,71,5.0       ,297,22.4
12.119,-85.725,319.6,1,1,2015-11-29, 19:10,A,40,5.0       ,305.5,9.5
12.118,-85.734,324.6,1,1,2015-11-29, 19:10,A,73,5.0       ,306.4,15.2
12.128,-85.792,315.7,1,1,2015-11-29, 19:10,A,64,5.0       ,300.8,8.9
12.131,-85.905,326,1,1,2015-11-29, 19:10,A,79,5.0       ,307.4,19.6
